89 13
1 3506
2 2555
2 1993
2 5881
2 3006
2 4001
1 5423
1 2818
1 5091
1 228
2 4453
2 8536
1 3447
2 6860
1 2770
1 4230
2 8100
1 9942
1 2181
1 8881
1 826
2 6183
2 7935
2 4106
2 7778
1 4873
2 1461
1 6197
2 9028
1 5143
1 5527
1 9876
1 4154
2 4416
1 4833
2 3575
1 9732
1 6628
1 6782
2 4192
1 4444
2 624
1 2446
1 6467
1 3214
2 4120
1 6666
2 617
2 3954
2 6258
1 626
2 8221
1 8995
1 2084
1 8961
2 6430
1 4483
1 6748
2 4600
2 7427
2 1722
1 3766
1 4436
1 7006
1 2584
1 7482
2 6803
2 1081
2 2092
1 1029
2 2531
2 3846
2 5795
2 5008
2 3457
2 6445
2 4547
2 9341
1 9406
1 9899
1 8011
2 4108
2 3710
1 5713
1 2918
2 3677
1 6018
2 6377
2 5479
