3108
507478531 723355459
151310753 956121467
994386232 318125683
926172165 740004880
115608216 437778496
423187947 799728156
189019438 194307167
703096879 151106582
587494583 690332799
335770033 166577274
72134187 231431850
567564153 514156004
862633288 985335362
690666673 963725065
30738177 620145851
314904453 774495578
102376401 135659589
75503853 976677690
841347370 33001156
249385441 382091966
733035143 974107451
676717955 602766702
288427153 560511515
467914483 401128023
647295981 693082354
719441285 955914919
748549700 655672238
630602309 767477585
477311199 508207541
700341884 840510780
345398968 529589692
719404629 243565685
131022430 179640391
308668017 42943226
851914329 186206766
748773395 278240725
355504827 411978446
815257415 776737155
803858506 940257412
319404036 968671005
803842236 673067407
917418432 713154435
113087331 656353923
781759247 193261024
735456884 850761261
873036122 638413228
383939785 99600889
223365646 728993854
310550408 430217073
128066390 456745142
731030732 135506705
955303862 913924021
251981195 174537290
867117369 829071432
305445916 104922301
168622204 97038311
287529573 973859018
259281777 679519625
66884826 280765206
245626159 847310380
198926392 367830383
889713818 37788248
194631539 858028738
317875125 650875000
891303327 363826107
991926192 274886047
727599542 693627721
65821054 825983946
315548940 279184410
686607714 980599702
477538608 507494630
344550969 253021754
529546495 722978974
667371223 152331728
791378658 15579889
46898965 444653702
274468780 910729296
231937500 740648210
404878263 383123515
80345730 538140199
432293693 441089612
171731101 843986521
635594135 701753639
837130154 924571412
872103429 217918291
202921600 151505011
400278934 651652506
882172828 435232711
547281892 288225884
293302 808082039
318086913 429553510
464592977 421996725
71934960 211856714
832615882 941214248
17056189 934569667
659791505 27457284
959685469 551096092
454853130 535642393
830210666 278871360
472733518 611863916
582614980 826035680
979843541 496579781
996946368 904726316
31189486 482392235
756389484 896581081
703477605 888250871
469925902 823060999
176773140 841571552
171696366 844053554
650338931 206521010
155743174 514463308
11500512 952458752
644044603 266404012
726264837 942409186
403901558 517716797
259870373 874697330
792703755 759096013
929749657 407477046
947354463 168177106
525747248 447101993
89236608 804884261
109907339 58662864
679352197 291212344
223527890 158246348
388030590 271089107
408335846 299994590
239957946 663732211
688137264 340573567
459004537 545274303
315453206 947949870
982374783 202407029
599931732 949893320
558317481 962412628
51438820 989208611
402418232 108206092
259790575 767039990
260083133 485413399
30240578 952256914
17420977 898510838
323039274 22681974
888298075 998225127
42706367 2911003
227201698 873370086
178998200 300938805
260678130 625307965
225817008 836708023
331818181 759909980
819001282 786451037
703677758 702332127
178313798 757747865
256211342 968426240
34590406 751941002
114545168 277912990
381163444 956770654
859704144 27037125
40508328 842091490
526043082 877786564
886197890 698788083
127854417 518949504
176015691 44125155
666653512 802064491
132553279 789410587
795986529 774977162
814542793 600816362
829910433 232887393
145640825 627995887
636944876 72772016
375918234 508489835
430300859 197841040
958966583 790226640
694456858 67464730
60040293 637525388
844076780 149420339
681009055 837930576
207193100 21055414
975381645 759920815
730145680 900583588
467283601 150280408
91566143 979913555
289648759 852531082
231177382 818161785
520419041 426250294
693949600 208613245
261817509 26721554
504682934 416867259
264424810 650002513
51005713 340169360
739884961 135659347
72276603 548184727
840831567 828073931
117044978 526199900
195048517 734447553
649980610 904357842
263177360 985873629
918111713 228399346
389270986 873320953
646145148 253995010
217917743 344320119
633932421 139235114
75614646 3676096
380701122 885158600
434725446 955468584
892442622 299912648
289540962 926242661
729368932 396746486
343834873 863767637
843630549 768231778
767180039 356002503
39423468 579651748
566364674 579610241
964877058 178521811
575756892 109118468
943496434 5810253
863821134 145187483
396887727 371400358
395268857 711373012
99219527 159543323
800682878 193817128
362298745 507280171
510261563 493492904
902764164 792593999
451847737 587235152
506345788 698930722
475882386 755710471
916624872 170797667
890508072 925508079
147840093 71641897
878001201 462901394
239469505 441480504
392595239 877447285
96527913 905132668
389010450 162472878
339947323 616561238
854545820 4171300
33779582 941504444
238718522 789411574
747582270 978907217
736762265 618955096
473294426 522296481
470663532 357612559
507288330 198467542
299896828 984312687
311589134 419200907
647042136 992819724
649841160 653339005
9249366 709271705
271256248 55697343
933183129 49879630
706151953 789724941
404312392 540928730
747486363 343173254
858968480 294121540
894800325 430831988
106102432 182850464
352036148 632422805
63295806 493394020
641521164 681303196
686780058 151139356
273054101 929072707
254350647 872336915
306660051 844913652
601022411 647684861
813112462 201314553
107019926 17089429
716150702 171300068
432154080 891602887
127737161 187504545
118650235 664396652
753260739 354885739
234855564 863483319
387582825 872498418
810844646 448996650
503857028 757423880
648255795 650481099
432177918 673887762
803739179 301160672
949202180 684948781
359181006 150959927
705715756 800492676
329111172 379518911
630618731 239855281
356145129 343497066
694172653 239619408
483785671 725885169
438080815 43124815
429393861 347445599
412885671 888496513
505473573 684559703
865032423 927046019
380165477 161845294
823922549 411957560
562758496 607855166
265978664 743741600
340329364 822268479
611029343 839163405
737879177 870059226
182100435 269099238
770267906 356898826
603211462 317668810
152009089 737199986
453079827 435574730
979839806 877148237
842286593 485163951
660831266 790748709
537811624 597251777
719042163 215989413
336981655 300710172
860171887 570290978
629761985 679448249
57003619 272039699
135102998 214252297
477136169 119046339
426039331 278945062
998487616 473655918
489677419 45921751
56628733 203052853
236414964 662625520
381676970 704432334
590585823 183272059
123084373 682424795
198332750 210433454
874639434 243480482
968774523 4724240
523070922 397129780
966142192 129357209
914764576 983711470
878505788 40967636
356310787 998049354
841091071 577670423
183329988 688899890
840284043 772339906
843536690 58376964
323727982 987412646
237313909 831598945
662376041 914023133
183636931 658578020
7200631 498308189
23535651 836092302
913335493 943554176
525835978 764036105
185739144 759294172
954416428 253948303
943689516 117365752
15206075 18136065
547036075 159876078
682813868 352615196
319345785 85802682
306378179 286350905
409677633 891805557
492161180 450577915
773272091 419008305
306038600 379224836
793265401 304466388
559303300 284861547
145357170 931795423
182223236 746588470
408054782 489408415
23702872 693546390
331552510 678506897
515059700 949936138
575864500 265195743
772807669 669110558
336467624 312784164
30204724 756257802
649285951 874747435
278655903 533538505
909211662 593960251
180622694 421796369
529447410 840545363
547719199 250239011
246781074 225682400
98017887 694416045
681273107 203985318
12146703 267358587
680086441 372416012
828491909 378114319
209063773 997744026
918489026 406329263
700424826 747028655
278494054 498946400
638899086 203645855
757902461 955414273
875205111 392503054
243083128 336841727
355816902 855566448
884982569 731851862
534279496 958506054
109949680 939607897
654063443 903475583
357152653 145138234
756362793 167761189
166891345 15009467
241534688 279721856
13447162 343248644
933178466 144528145
701840543 4889981
139334367 949746005
448366645 497329944
569983261 653486121
326336729 531879111
210039523 940180027
60985922 748910034
891837106 849791603
443133917 276509854
591266802 214533365
685331156 674276404
822641196 47423929
73274561 813207232
621733398 24816213
481657975 400530867
14443744 374528584
290059101 884337832
304169513 333219200
873839245 295490203
969615404 609089489
76206754 680375210
466579643 91307766
118710684 177940942
118942476 96620061
877340632 116248695
217368300 257760659
186194541 780903105
994217078 636014922
492403912 952496339
378933562 911513627
912259174 961296744
171031202 381656837
681361563 382387974
417361278 230967081
274852768 422535232
98293749 190237619
933068730 307486185
163284680 227071379
365333325 328242563
755991883 913302297
369864737 294184175
606125756 197456183
106382069 250125977
249742966 711192823
342706812 561561462
671223153 234284853
626375900 586526974
829411361 960675787
786672640 608139141
824047609 146620941
388268371 528716013
847075475 715828602
103049055 543617916
805691998 408216063
140390170 855478412
725701199 161995255
453607616 646830561
928727682 251927254
847994501 660318162
134971761 328837574
569754552 416576581
924334123 654714680
329769929 843570818
660414405 669531503
773826293 383918711
975377944 437971869
979894125 92319681
16712103 598708501
608463287 382900937
183722505 752284639
955067327 547797199
60399870 368326260
748512027 753154742
402732923 871035009
777775123 247280424
472185385 34203744
631515255 862001052
644631696 222575958
79969707 730140492
143465077 113055839
548557867 622768608
673565181 405019598
462878075 92953118
87288466 342942359
802708145 163661734
162691966 115378865
849795951 61861048
550963019 706207231
163164568 419711938
608250126 515921905
7329312 12442874
401219394 152098854
286345143 498254403
811882657 701531533
189176450 136542867
360882013 614073066
315473495 306822400
728137242 299061015
442999519 648229928
784542069 278474697
937801088 631127561
177000248 192391911
644216103 597716504
494716625 399726274
438524793 527175498
76357399 520121527
734790471 509587401
193572686 521631589
867992861 357761172
169599923 335740176
402826202 1755291
584038279 734220510
740159917 237539555
389282225 186977473
979782615 633609340
285023761 170438304
932165526 859530735
752431917 319396978
40983540 725755669
549726580 213814494
531903225 831561794
272395487 335533929
551078921 178570004
468385671 524620460
560844160 868200903
171030852 958958065
597850205 387241804
815713818 238362195
477690370 33684938
373431874 288659124
413660245 838978668
663497036 282117743
608032664 351751141
755598144 762323776
977388483 328655695
416529474 163126970
825018074 511204813
991975415 735035072
546046404 224744057
551422139 762872199
297977531 73109450
599899487 612873547
982082929 661044226
584684098 534862392
935059737 633420249
976404988 197898408
358797872 81813466
667419438 394876585
301218792 848688375
444514232 91457548
85939027 680460993
279539347 763800694
935359488 67455806
478292029 533504213
792893450 944078684
99638687 656032035
858496142 530589509
881911265 351828777
416136251 183053938
707666849 622313976
301422543 788847599
3935369 325198920
850758371 930202652
833248161 533176699
604101461 691085866
595226193 674957245
59403709 920567195
462867457 11812334
758511254 713999112
747605787 844884318
925191522 48438342
317772696 834847552
989523331 438770364
717420833 469502464
884188822 945739885
166480231 47684206
656049522 932696829
387755688 647361265
682623269 608328386
173565315 950158376
965731426 632915902
177691476 565805971
155463156 494742290
440262882 991419285
49607967 396981555
694865792 75626011
542971087 523844528
368046706 819000744
811253780 739718312
15398458 302851110
28439363 661627262
42611786 820559660
494185827 117007969
797319414 891395267
176908620 539339759
57809511 170853070
792567004 660081589
333361501 595965019
30256687 949830755
42606272 101636314
248138219 426436045
357543778 82078649
161047772 13988259
725556449 658684212
999284328 645541215
171196195 841117688
689428242 612045867
260764400 79022686
485589197 138977745
389505865 970816313
111864665 538757900
905102682 18831890
315351405 163759224
20183669 626877423
9211493 412406320
142420844 150021450
16949672 796429394
881869297 910432892
802312488 79009665
32154979 235538693
980942997 438121879
803942264 821585109
586212438 935671190
781827928 770551938
178278450 724290532
235486496 436732703
827908666 742597385
904837217 587568213
895499693 487420482
598171358 824146498
283810065 537081285
214979286 820155010
426133446 562003801
990515837 968066114
905201960 969698776
918231318 653112120
617670331 930319591
204547561 470063465
135808295 732171090
339155983 714870078
194541528 157115234
466450875 653155767
136544230 810226934
174425105 309484969
950170408 725709212
617330982 532343752
751801812 836172503
77029879 172453098
399104302 360884594
911449230 451224881
107369211 55805603
29231723 519135143
567490470 628224438
281885524 294659271
633628455 846359113
500467509 358785863
135779897 287121104
461769064 978569358
903683342 32816558
213675838 658309944
79149284 959589746
152393987 660148694
352042776 36396941
62550705 442728924
108800061 238511242
347229350 110642237
902601960 731245881
213513116 816807915
280567314 612880647
656263144 708511277
601875655 298812093
986345843 57830817
746812875 593139648
674509898 191393383
557015255 433043875
924344905 176649896
372679766 220346541
523742049 672182966
890223511 938391399
938708834 856306162
129710108 316419033
923703558 385987360
291945033 124651747
954955855 515469698
335050083 499005670
237374339 466836287
792170564 989167944
308009060 579926327
479936513 161857379
4020880 431359942
177982520 514646474
50724069 447891967
103602124 694100517
158668008 250873885
821030637 641644419
77208327 238319830
556876147 121513536
179520433 393835746
449738903 448498497
488996944 672702658
802894192 550860284
699696380 431428969
174127711 477323049
191392585 9710003
614951146 155949964
3087791 787597173
310051192 496011440
64998331 465907885
69826527 103514972
905519630 930012403
255913212 963179265
30864762 658731202
29714092 654816017
287395088 331991952
189420362 498348628
773734153 747224000
170370283 950275952
252375072 88409530
679201132 215263467
296171680 457210084
383448474 545885568
558943298 733903784
87500350 195056592
559412705 43844762
520741952 429876857
415739612 32105782
461707518 705673325
824112820 140790089
869293391 870758735
354590290 36696107
316896096 571945506
270578523 973310189
81228234 250949833
851770316 535615982
601746332 83262250
878449592 515349919
927228151 825934970
385496606 143632813
505135194 319298839
879463353 393812658
59434865 338885446
169071268 884894822
825885248 734103902
132402511 580264342
727312808 907806375
486184657 609450315
698338805 399642557
66646133 309375918
285265311 963344804
13792428 688363000
574812799 91014064
963937903 159494364
809139693 21443327
983783467 834761112
762165337 267223681
602880689 477185047
387485256 334671879
599848220 487652399
924106327 269749008
58265786 338240236
972378366 935201776
138119519 70017702
608991831 132286244
75757086 219348396
282038172 906386087
205194510 994779276
286254969 66721099
683851969 867285432
982788144 598127858
781161328 303456914
100475631 796732364
468610317 662515980
621834450 557041961
658410733 442391579
22555481 664200050
322937478 512729555
196566504 142002433
551895282 218673434
686914907 325825922
717434325 589905299
472079053 665683974
918364715 562721299
358543989 983216990
188197612 16110174
785536376 896057626
268640498 685604860
495107095 501208129
226391729 857337752
309634781 222529611
863017982 321701518
396006157 103790232
560813480 199360747
743199556 893642279
829224419 130397577
458428823 802180288
901601435 549611587
345693032 590283268
73395881 807523458
507608633 324587029
999040432 403093202
210890278 458227376
455970486 930582985
148881153 366981438
304210327 591075118
646273533 646784405
187255992 216845584
819838439 946056313
903693062 810230197
787261500 482066302
306230902 282030488
271804039 806208929
245824369 987879804
61356590 302578550
635989882 847498055
675729910 329576991
228641166 308707290
470695590 416847693
100965169 386732884
325209017 514848187
785512890 707691591
489759668 161368580
233971537 647244727
650505 699011134
846378047 591763486
819732150 15875551
99708841 568640193
383009663 436497684
471189492 6111989
508846150 751342210
389285111 342584020
117764612 244659771
435829128 380897080
760639660 251237853
34542079 672554771
422557273 531132577
530079790 720296681
994474213 342346094
595361212 335850701
600549123 771266191
22030120 863284712
72546272 13068106
856767779 128447036
739037724 392156492
768916555 663186086
443360373 432043468
268213741 507143591
983676294 10630220
56507532 513627387
661246068 418598520
693675104 906096171
110766455 398861357
245350788 722507056
819760815 843252568
602277084 223482121
203568074 134087838
421606909 168212598
259106050 609692773
744348640 87286384
500311239 884806983
624501501 653235533
748054744 60908887
882341650 102839868
649736501 798759656
299907700 475303645
709608559 420748918
143040562 729919350
355594197 178643831
480211978 590269296
438398946 573230029
269209310 167435091
719132565 753841991
838436932 896793126
125287553 517826151
552558360 34297802
46309451 369666103
469943838 821835788
214329593 517582298
971931347 779160666
525117437 781067186
922422750 128129081
378081920 724485133
144073466 273224063
765503435 4205242
225926310 256837523
434981622 367046833
141370126 39441902
274015876 48355642
842729427 158446284
1024474 730378283
325122288 514423199
864272875 109171459
922886012 508195669
334792512 42741301
669293164 328010576
387896832 981643249
243789076 326045926
80084114 216170281
659208576 295353568
929222353 841391531
249942754 938747689
755853610 911418359
950354824 401608320
868811559 134540527
187650382 603395049
933385440 58112091
641649238 286795873
898041044 484534538
449215605 480493166
905959681 828961678
430636278 557584050
380092106 721352015
478448804 332669178
669235271 979912602
966980409 151662912
300633286 171356357
522655807 15350649
562432981 771680847
119552657 591717087
641678582 621255556
261415186 166701786
105406858 893479528
898579831 906800045
840070564 344478103
804719235 676049902
164981884 680051917
903259725 712290351
652568269 872116120
544162539 383208671
379419449 955645293
606784402 35649107
932950101 384499324
488729899 763200518
729251522 398848315
911378322 110793155
516916399 315470540
848738822 114616886
661655598 901368723
532752724 59723748
37731979 456397257
941991835 720964010
813683596 245846860
10164998 276052220
613920074 860885977
38563853 733794155
453730779 72132047
740831912 62468551
115831102 481148149
826177852 789946321
8320451 532911027
150611567 727838173
593573469 602530708
772068702 255567346
171199623 813829279
980353726 416791982
441150126 276907174
517993123 518677602
179336516 714846677
669523606 415850084
397242575 155113294
153135141 369109270
790437055 146926105
702252601 341316818
403910775 76321737
449689177 53517830
115269114 996610889
468703248 499593131
162924691 126373744
75419488 130506893
743012991 474397075
821686976 680041591
441741565 407792536
125684783 561417187
832525961 971485551
138534364 357906454
583923832 97844238
806676308 763282318
496713117 276382492
946215858 573342092
144478902 201797885
929850408 350873376
912768127 547255905
422150729 387857901
749600183 685114256
708195894 356481924
423262666 588802605
219529476 451499251
989996687 6666317
418422124 599821369
666821137 452659651
466301795 288584988
893068066 604775954
320370679 697070218
822972338 318245014
23043415 738940826
995670847 397651773
380517245 170550576
550257052 624472623
49956190 223665669
657426236 421551294
640019951 63327727
437155636 257955161
279905588 536366008
993325248 911872631
395086439 518457123
598670820 157448117
73906397 949088603
461017186 142032561
360063862 434548458
639151363 172620793
57097999 720552062
214146238 53127141
444360278 448358858
554153379 140455205
15767168 461193125
164398044 693376503
941365241 54800607
234419143 791606605
740498723 91642431
379584400 202215961
206680854 577389364
770654439 454453910
26784338 437220104
891269089 869147713
680736104 138225192
341885673 200535734
237332675 240256750
989081173 550835782
842320413 417141514
704593725 722163072
783717018 201313603
936764663 976298598
804417634 668922032
292704394 611083409
53004798 869850725
920659538 924343255
52022167 363719108
127203450 95286535
44841187 661612936
161829166 621129362
461092636 545844284
989754529 840074958
863339775 787157563
434425567 295821301
979864095 571473740
115115701 77237830
179729842 397036122
934584280 528592274
150454835 352614698
501984850 128588222
240088013 906435719
744012998 726551108
578225564 622903149
227985968 735484114
326412897 667817531
941347603 491733210
267390675 913971980
384121543 842862847
592797009 8711426
878571591 566431465
765561996 562635222
334487511 162817560
379405280 714575446
120088468 221077443
516249609 233925806
817020364 68822554
612400544 366250537
720559550 952046900
769003464 669469577
650421754 828995062
852594657 215991397
349813988 942408793
945939392 29490757
812183294 657462000
924936544 737203218
331689602 552420333
21090199 863223256
817349770 296481193
593789848 955798189
229850438 522673129
798693078 285127859
246678276 321853115
568156554 748708109
979590722 851515646
221328292 99482832
420892527 713620220
614374547 403168021
505348405 434880333
442797106 29427313
550891562 670439926
37941151 950649862
910944042 267760902
64583575 166813018
567810331 208501453
288149804 797516777
792000856 806111146
773661387 960633147
218990352 757076499
102771122 459788863
140261365 934590417
169488912 866857017
790725124 724045809
45363425 204500848
117463580 388377534
361722399 619741529
970939205 469464267
255431849 273157999
448885974 665094893
390034094 129202939
395794909 61748890
378289656 397983863
495898411 870763397
705624582 13859762
467650259 341298201
342990189 228646057
12090485 284428107
391940694 295086600
742431285 921747741
386075240 793087892
283114722 32266247
124167739 277306544
401544545 194965162
70842417 331799965
418825321 124382103
853266666 570992178
799081560 452544825
765835116 339037658
962007779 956905040
827371195 352984567
562970855 579829644
92269498 336194097
814321302 929935001
867025610 468447325
520745503 853295017
583513324 800636763
755405871 627129264
315281301 665297474
680747178 850913681
75031076 72976252
516781698 459087152
110520397 656034705
391232051 664347059
313889578 901564025
344478518 45804799
268072102 681570702
296456186 396972577
858472066 745364976
509353798 294412127
234448798 834565585
30322349 479465918
299473844 227578967
678388857 716828314
348175537 66788242
247057961 774940843
93916422 211537351
707401557 253258388
257580656 473722896
617318675 490292058
206178978 469501939
802772798 760032180
356466200 728754982
363368731 573070083
931838963 557976102
524260761 146942824
821119118 257253351
649453077 316687386
843560854 533389755
291781562 860252202
226347403 250906873
501090334 914952554
768059697 646346668
14652937 568102156
446552104 865056811
11320811 345722942
761041223 7861777
310061407 290997681
667233212 750886807
592982734 267039513
326252094 681100379
660984483 651748392
148690231 336901876
531662421 371857671
6949865 955149054
886178096 798989398
677749950 709592783
491219509 693230482
441245279 396090680
522805577 321393987
456684702 378561077
533227777 696687977
615395730 30273283
728545674 86414222
528453369 150739963
415521569 377705818
52158580 642295050
633774233 594673825
168018042 397663014
457228828 394734590
199127665 19772974
921088555 779669009
107349936 861164636
162920595 752573428
499246311 281100594
184686366 242113893
80194929 596320870
17608929 535623510
971944091 63958921
872997362 780489213
995138441 360574445
763620978 23315119
428113343 641714287
73859 776857674
644340271 295852237
294874018 82053928
189408973 263833782
25810536 191781220
199549308 424797252
185328807 124235776
981067693 151507845
371218971 462188698
199228124 523203385
204352623 206618638
244000541 967307121
623374234 966342662
636034291 488528322
589118362 553436034
248205904 992846856
270854444 891523414
846752041 387406760
743681852 1143585
708417866 371341187
854679602 711986367
154492075 959004351
198737545 163891896
659821211 363605417
215016377 690273036
549939109 662078985
553866574 879647670
920591267 614621886
205419967 478167281
106161094 646383079
33529256 272279898
970439034 573888433
482445569 127048295
738368134 50626092
570426298 16082848
237899564 998800193
835735362 51029807
877759635 26654302
131277233 799503557
315883145 105058776
61711964 991201426
189589441 367979008
86868715 556190731
756900526 763157460
763559343 513111639
63778755 534812338
18445234 59744271
1263603 117593247
137750765 956889653
787678647 450144375
534580003 338127220
364560304 450478531
563164366 724100174
449812503 621883078
914950469 522715326
566799012 252692216
618635237 978338507
383125159 855544002
714542177 378552306
188143972 401868943
841358585 575903617
681745385 180495547
870728013 793085433
332739728 925479557
781213317 144676588
415179590 44867252
525693058 182769071
485968480 130855469
265781812 171695730
767478486 439910493
718246722 651288026
499340418 572908499
302335531 671257242
546095691 192180559
32668395 367505102
886884369 555257679
292818302 214369304
85660777 70257704
855118075 865054837
84185257 794092301
61901906 110086811
462384480 615387769
236488281 511956243
392783026 843433112
232236495 685194821
306863803 284274550
627781534 488892104
354575431 415265975
518366805 253854744
746264484 191124890
3158014 233343792
328862878 601208730
324841777 445935591
268545573 962708921
633928357 443456533
133421835 565105444
889818547 632359219
97377418 831656530
339890141 317846115
926012547 869874114
145874348 180458045
238016385 77155363
905909861 431703211
871097673 809334018
293971183 265312113
74081133 734403940
792137928 626671173
97295252 781609697
128666783 464257956
6254921 231874906
414186737 684348291
564538687 58038334
242036812 298964533
561266985 131031501
23149740 936057271
458032687 159280097
768165520 283644003
546738247 563695027
480025738 657930275
958999269 929693336
379413077 309993548
353635444 818710410
291904714 129316928
242702828 307845849
770319623 819703241
386364140 695748436
370763887 905812016
330730605 399673214
579361970 113643514
413216654 442788426
569939612 883299497
883448956 324991466
484424246 101542537
206113760 971060231
68729961 244566920
698150402 693268373
355578230 367507480
325391229 475325160
102998272 271010751
534411716 394799342
492062692 824538256
898842974 440478846
360051336 302714059
320533116 961651271
649012361 773011667
304683655 622442670
483538301 251393503
176691023 12547700
818081417 1728128
354459477 781668480
656507062 599969841
18849375 627477096
857890211 161102955
20409427 90768807
415806412 281285245
262638009 593872842
537875646 431091709
625657298 995656955
199344870 73820949
7276481 255378455
358201924 262687968
201503882 438112592
621365092 255984714
641600516 83209010
276640266 675268368
454866834 22524640
585112952 94348202
580375319 337286959
593866685 128428207
90237845 911040920
782581142 669353158
985212326 312804347
24980913 603609715
375219389 339625673
109883781 458402793
534228854 28527958
118211903 652456922
435727591 760138666
797511896 111116567
998307964 384919163
115003913 196957645
491144079 652018159
325958895 228131870
580891801 420838875
960476422 16606761
823557342 577612573
864259678 146569626
438927834 230962160
3912541 591351038
716545081 836792202
56324038 850240534
93060512 291016003
934877796 954381816
910624683 569899608
751230081 621910121
317661674 793381477
876002812 171608243
829955327 115642089
914819194 764994863
476094888 19885031
337376354 216472078
681982097 551401477
903621537 342198712
719577385 394499256
744501896 204556068
677272884 591472412
295385349 47951943
837747533 590242190
922794604 293131910
511249513 532697454
515446957 197216313
22725628 759875159
93989858 788803168
19110095 551490402
706413894 52420959
945698316 756236174
9529699 552558449
424918070 370938373
150298978 427195976
146651201 232562750
79347849 372867854
459004953 67535305
667455275 252203437
183748023 100180867
739598844 850732242
716706148 309775506
274771307 944738505
925651910 376288338
360369144 75021524
363437537 403599621
428874626 288223058
374960570 850255006
727546354 598596072
339939652 359679935
387706123 463594180
42294001 373926240
137167765 253996977
566159399 96720767
187963470 947813574
321321594 4986809
200120069 415619215
558347891 141669708
586296205 527014078
648599164 911246679
656001032 640287739
596384782 548683301
894137344 92795088
284956290 244613485
926043540 669604530
931930697 572260589
986748996 203139792
715965795 638840734
338712847 790105288
944966072 605202088
751783791 399103939
862390303 486515923
411768393 946399512
11239132 606919651
463313164 388051947
117172663 708772977
500677871 836612222
335522112 143008399
598451813 63015702
15972659 963557385
816456508 840739507
271441135 339351650
991184554 933239243
733100956 338812224
503282055 701101324
216774837 743233559
672203693 167996982
204349194 489581646
737298928 306402735
701722056 374986849
223552136 558981546
103353927 262288734
946635174 612349979
192888571 349671416
366367090 434550802
252599572 200751996
655295429 247140836
102696742 943709167
130401269 684890650
27927778 42775020
678122761 516178801
115121456 312940438
289058451 678074589
119581840 108342632
187800958 174230756
869406873 299138644
202140611 797824319
211223096 451333726
984715608 235576327
525038629 144508269
71462293 184608177
470727853 264608803
628780294 89741989
534816847 758708333
139501910 387764823
268760022 665512603
752102432 541280438
365646327 667104242
598916980 503867501
329382404 276198969
913530110 597330687
196551443 753241715
639130569 89011547
534082646 87426105
597224916 758989864
428703885 128740442
946921424 467574346
297882416 687495762
460493969 37537516
376280794 176652541
2518629 813523587
873235397 49801281
776773 808571887
661690763 175715703
937176683 489813035
571298964 748215368
179411677 139587361
722485591 842883419
729023363 407641695
777644791 364924999
802783975 726297182
997370001 663406364
991203333 127826106
515534752 747188395
951540721 607290044
335595706 530553171
97245433 500939373
158206606 337665956
725219316 918516028
346437157 268901827
749415330 152697771
130726345 761696680
282910853 760007085
256187893 145963330
35762226 93783302
694023615 795752320
455253346 663278612
573298679 59095540
716776628 37481187
850631560 239399166
145746059 447318834
319849276 544935739
906759528 616845677
472904488 398914633
677268111 957618362
970946080 232070915
129825152 267501317
239878649 315266391
513000347 898909525
94087549 948446595
388615634 872037936
377223382 586682932
976021681 248280546
299661516 480914494
315607547 470821120
961805669 780860362
729052221 575529572
1853789 627935038
250573737 8944869
930857073 522784168
758303002 522126580
402454167 620346813
483356932 595247358
530860674 541266131
495594212 268372480
802353448 497214642
909712687 176036311
843334121 423204029
138402066 370447941
436818698 653835850
593665818 590142173
330646222 844740789
890182182 187416715
148086840 482410400
870692764 739270135
461742291 457919987
488498483 627611841
96296201 370811215
953641063 158055816
141674390 778971572
515422466 775771249
108807326 360752619
498871582 764981495
858984933 416328178
513319156 577925261
764233971 127102088
902850441 213200067
267691749 637733744
946883260 736638580
156882755 346124123
182279287 823336209
951965252 203218244
326455697 593060058
700980390 353372852
844779478 311034195
980982402 40260246
250751367 664443957
351763939 123811495
405447127 450122283
808178975 298123694
896809220 357477806
841115656 336911311
53352906 128735629
734884256 13724824
109804638 502158245
993385002 380535991
931367876 125105261
227721817 925033704
402155121 503335817
673815026 70035084
44805694 314880081
132480527 68703308
555867509 332122683
911447535 12636179
329221668 259181566
490642825 67350626
903176363 691011668
154117227 114554430
303386680 256103178
322062248 215140301
637853534 994560485
903705279 643621754
530735433 871190768
626559893 420836281
547111304 153919481
446522199 663570404
128462718 481100380
138250358 816294432
126344659 313677946
564789207 402665361
824345416 256531926
902461783 101123661
319951939 139712041
703365719 648715309
813233132 313960454
463969334 45276371
289561423 762135566
18445730 843415767
758964083 719369180
878753649 188971801
538117518 153270780
829693743 92301198
971932416 771927214
559013819 206139650
195980623 697989081
954467189 982689897
80944249 55561498
877246059 543087724
969269507 729097898
521904630 137720994
963485737 611199187
376685778 306373151
213140043 431238166
749007315 774616626
13661596 43913675
877657843 870474627
642419695 466722745
16893682 548378611
881310044 49269443
973319016 595215044
21407121 646895824
796604836 528606119
821769334 319467356
797957869 389020345
853676638 641148325
264734297 40062718
36421111 381389839
139830281 430991287
456921582 825573146
264394337 862142769
499185075 488892764
435122727 859617425
950829153 475888538
501042028 190866665
921483581 129967302
73261492 34769547
427978987 108404359
422567381 391820086
652751964 835276351
462673171 558294375
117014760 802674684
121809376 613623737
334294811 90536099
446063275 804050249
581978504 917151096
988260589 348085058
110657748 187959099
69021716 710385536
771205472 815168936
714663259 560914297
147170380 197834029
330720419 340548139
661897278 318562240
437884475 346565215
805235661 914584743
185941949 628527495
717845847 66957691
864363378 957012052
689847354 765749849
812203832 933337038
510019279 438498408
843278345 939892355
591198785 375958757
444631048 644713926
544030150 733964386
477973246 495311594
904174957 155052347
85175512 632784164
336883739 853119960
450435224 718183797
452513806 85963189
207817125 341218124
945213740 37393871
355317516 765991845
518402036 645682146
593317997 287668455
96683311 345500793
182295827 23486592
792663771 435630375
588511327 419050866
434050779 526270744
229351831 346505765
303752669 391348225
271773611 693628217
702848368 374181740
549027300 49872849
957263592 714950185
44178162 84206278
974749742 125678348
324224141 845649419
986397359 275057063
585708467 144267530
362460880 183523176
793492529 193659925
766783914 277774171
833835745 792404337
920828355 716955733
116425264 858614913
627654908 828059409
160596794 925434961
601145842 941725368
491919016 364787535
174096595 761688371
279488803 255832524
661635056 651070086
82623362 791345221
417235626 939287261
353229721 463929227
95319485 291406971
933883674 280024849
743721188 991847889
588627830 895623204
778726245 9877132
267069962 428280448
321345869 429006126
847016460 439139209
970497259 949314364
232494917 617039846
391672931 317300850
369271102 142456686
882743786 543872035
532513775 554805915
582388716 939299916
513832531 42539581
642585148 307601721
65799035 324604114
248419971 630082733
161223929 605729214
160585529 107822365
783969074 735254197
540804256 950478759
131875255 46345777
453358753 621491819
791261356 985990654
524574811 301475908
95858078 558936876
798643980 367766531
484060220 884812759
371217840 36733441
710644662 500393236
644368570 173932604
971085563 667285671
531207516 492029345
599351810 223363957
538262511 674368736
468336663 863816200
521387411 103936224
358420088 255235868
626235584 570065745
780212638 716197106
564208488 774734841
197485327 789698684
24249111 153368123
830649976 346198715
724095546 518476336
525035538 754916157
213063581 49538785
807289152 24342093
549666566 765330951
9798809 671295941
546606454 609828799
47580024 943285226
975403643 423654090
14684631 571390268
275876588 745154185
9990350 992249718
233919918 832992392
186124419 933573139
104227870 301488058
177565449 273706628
325423716 397310525
687557017 332409451
818369213 819612835
713436483 558433666
228780234 786776071
644720229 403432746
635497981 880001693
895212623 517609881
595456510 100470290
193408808 864612174
497730923 476227495
652283183 673075004
899510310 7372324
37066459 406245867
629546660 301631484
679846462 495012195
968565092 377597297
601761278 478889505
198979857 746563117
976790503 688327471
579312375 334719295
481644556 870210577
345517664 303190086
391742582 439355032
558724843 851036107
414698653 73529218
43887788 52808912
103326310 385925085
907637210 670031827
201914672 143072297
129778252 995343144
182482500 395256028
126404528 64546529
619897932 654844583
802917915 955614995
401664586 683663095
724939185 401426711
409335436 337009652
347331540 402153482
136497862 560472574
141860524 649933368
863198276 600653403
390890038 622146786
180596441 937011701
438837362 439520662
35887946 682570944
595032061 676516564
315504741 276000228
502810785 897627445
138557436 456783598
464668366 340106614
217226552 885533096
900023737 620584377
828187592 506840932
855707240 687176170
715063857 167902617
302434517 590983354
834507832 209288496
127040443 933471855
82978408 368439596
405365496 530578078
452609020 540971879
268548277 357290433
482128355 734171859
491816807 290002250
701554284 494631035
370263872 747412299
274905369 244822570
697536460 576932687
209211192 280836627
225450401 150570285
5952799 676540421
459465939 799721151
559291817 349296976
993975706 773638511
513182711 613126344
712555595 747109605
477923085 353603414
183715853 671434053
125663836 803802430
941699156 370754500
632800676 252892086
771732140 108980826
387267371 512292752
364264080 157205833
540986722 159835733
84956866 890581577
197284552 330724971
705496138 253827631
961285651 917107873
127654336 467671028
610584785 267438767
511291406 122310718
388171961 751491134
173958868 721391853
920715107 571446863
995302771 462599462
185807984 823671443
523232826 598881984
102631890 504491186
751879404 771384365
342210347 701457192
490256367 225845915
190818585 807370315
842462308 40909473
93691662 493758183
596625314 453494383
893794300 176406778
641621369 593065673
365271299 910135048
154077505 310754701
629015907 696124916
59531697 931049976
323783600 840944224
814771861 274537048
523289705 354749501
896997334 817298042
824018978 429771697
242633447 949268640
667360973 896992495
742191750 948152674
861040054 838007898
213500959 680083843
813251169 653025076
411458969 475792760
937394621 864317222
620798525 6150394
111816742 750760634
725539006 941017702
986836708 739728185
303150294 7430929
627999204 446091779
688014025 840609536
196737954 139768029
463943749 717718786
118419478 296945911
132841282 501347334
696863721 635357217
784626050 333766769
141723544 451324777
477250094 963030253
817638853 86087112
142018505 975268758
483790617 502788566
214331688 140989969
864941851 861262342
608753127 750170920
864356254 664008645
864663350 464904574
591859331 734391583
783324402 37822779
228184295 220023483
212724772 694578141
564176763 568268175
842768502 486262046
825600297 698423812
188631258 824937783
292015737 901441691
646778359 256895915
874535145 616011295
590288238 570684397
229234346 154007364
24871009 472200981
460841093 549664248
181426102 689971813
680310752 453376755
210932486 338558076
691601515 263860230
574422384 314160248
235827361 609262648
916178261 626413752
907684430 274548111
894879419 481748936
5982156 597695080
934329846 130711881
111936863 38714687
573326477 398080001
694572472 900813228
156401381 703333052
468323798 342361888
230987856 558341206
200226657 700044132
713353993 171020340
316692817 955019273
658350839 835689948
131559734 433307321
224732408 927018859
600148310 56868202
357957009 749419325
429975946 349243868
622309746 605364134
285553299 825163187
287863238 640336607
274637044 563971896
10327485 345296553
402481443 321924695
982150673 503632544
799746736 781866163
668924989 860614899
75263149 932047946
769350280 860435386
289208391 259929307
224631962 50459137
553094899 466534453
130117016 176665232
913732884 549620463
248692818 80635974
171004296 468583772
380624405 463311783
284674902 142642780
618201433 800136229
376267224 449907225
476520265 317528762
915003290 244376566
718107106 71891807
895563314 984711667
689203642 572507117
367501898 670005330
84066460 639858732
269719552 726574718
232973919 201513953
16643049 298303591
720698953 896491558
503429273 792626786
195256611 848745258
8884342 822398891
618452642 932018357
812521403 828784247
636981392 694197007
493512092 207989577
376438730 309956969
964717831 682657326
958567204 758372300
955949844 323006473
746997206 729640768
85243979 797300040
410874203 408127643
27830532 925241842
27344763 844067303
762607587 690995139
459000472 224166305
252237052 627110434
420990690 446650892
681660985 399114453
48956746 466065519
136974676 86968708
546189796 757864792
603152718 957421575
394162349 714461687
91629317 106874028
132352152 159818763
110783817 900082750
335160204 45068612
823509584 134513364
998112168 66859998
328596244 289066030
292684551 260350638
482220979 175268075
705580449 36826544
923832166 229547240
147805955 379224539
857869003 985087351
82845929 563005734
303481858 63154020
378565373 694101419
825331398 557819568
821008822 329855034
588890800 525376976
612652585 726422111
114106260 71805461
158810338 698338872
758440362 668899079
954368716 550465179
550994853 19336992
592963397 204665051
697215868 808718058
335399486 299728922
262240876 702179275
211644494 480027385
145792302 724972139
552816347 757506847
805493493 834617862
530461659 575411151
24292481 698811883
15342317 999164552
204764621 689821203
137619008 24017811
913412172 872750605
942404975 133539819
303049384 448141436
835722055 544899708
651422331 757427919
303278782 847464582
380020967 707064190
644812320 800783618
342790391 996492280
288274009 225606622
156698488 121861466
431002304 507557671
616820780 720603236
600402153 766145179
727844988 266966150
243185666 766988162
4567162 259723435
2569292 278524048
328771772 933641219
42714991 504664145
979122007 927035571
908223164 19433621
122957983 850518054
935491979 672321568
695199423 219744904
716766842 215413685
506048423 171632540
15753424 907112745
871621084 754853943
802852595 630748916
996974581 253672571
433251550 215221040
454037717 942222776
647504359 289471254
581085324 421257823
689183847 62974158
298744751 583646924
152043096 723211127
664683199 687800542
154898171 361388060
27101516 449012455
716686943 323832841
959780680 114044919
389682596 224300220
561252946 921360648
894910595 593206944
968227353 943053462
167160019 604685457
316154609 286082721
782988595 574338695
978321942 400956228
687371760 450328138
10041389 292549185
821323561 234259015
310123522 857297557
63752305 564838872
935247932 338684742
885277696 196053759
644034917 294225045
359982290 347830651
83649332 917095848
382053082 700274859
380815870 750324127
781734761 633105886
392067956 5576649
31517689 458813387
860307212 463282350
561457395 946281874
29697498 64832948
329263824 631789058
628194515 637940610
537773854 318973218
534615269 491408540
583585673 809665752
338231594 903712363
852784185 250775219
815073869 608998801
505171028 557716133
949564609 922850716
621822202 177470590
272211765 401293582
343769968 384380144
381322363 635255973
499465524 368243198
753866562 287127192
911768711 456067785
725434651 485988777
351494361 401727655
682626550 742960310
425278572 675239423
915438623 455661139
782142121 227139945
992032465 449396087
419853917 707419750
425757050 46513569
270892458 341010395
802354761 685967807
401745221 214566113
386921419 783051681
487035186 990217266
56503185 106845049
86056355 28198747
409447196 74167251
651481859 578350104
204014791 40047648
527761921 272437844
420230884 825825980
807267030 302460001
317339489 74183396
549031146 656664604
971240409 281827778
262578464 709367937
523414776 104537984
338560909 35509718
731148252 479302793
842810509 882618023
599383174 766466086
141298807 541960130
446153238 531951163
213890284 138291936
825423948 848038996
130514645 334616612
916668769 679889194
16077183 876709138
471159520 321261754
935424803 89716001
67638681 586416007
325835003 136730155
984453801 990491651
338947074 711145157
275315053 560897699
698977734 101465016
60172868 997729157
662631495 674928426
29417017 414947921
141877681 958648430
81077578 126913292
17620799 529114608
352375221 111382945
327868431 107367370
677716338 306305537
104474889 321409321
725713988 776687464
768617793 146716213
361565495 225583857
219421087 835496114
129430854 963012788
438043427 184018624
937871872 637636670
423663958 460578416
347762415 88851762
690681449 520457281
759672256 540111004
183546321 319310433
346338631 965389267
702452467 230686520
479568326 222509831
910292165 948556284
681006232 605570514
886332171 782883142
165084068 349223115
584775257 868101958
424408014 687111669
301531827 59145864
293813875 156903186
830014687 77319359
762035281 374738365
490891108 910004778
807777276 251769289
172096988 533214786
484158642 833671743
174658514 934502856
645455426 819027458
284813694 700579067
699801881 351295716
728051451 796742264
317196412 952721312
473304677 669922513
820580771 243809146
691478802 209440471
228783767 56284335
557114266 907718008
573954717 322718469
613928271 231168338
42965365 303900633
605355465 231807797
493424027 257103850
177701219 420539303
752114922 997277525
117219557 755594739
387965281 380441205
505232484 89115379
43215202 142053635
440575078 673728332
348584022 750547647
482344939 574485295
278710373 292811888
985219306 239346721
42958200 739935665
433945122 272739290
656626557 541819689
600410088 20840524
251149204 20633438
58203146 752237976
614565227 85868543
932507730 48859071
770079022 800586767
455855525 257315197
6989477 221826439
961926452 579564846
283180563 124405528
575704662 271885356
608020375 243083651
755716780 196358555
394830570 198085403
567683502 455139564
155803342 250770915
576206536 881403613
356670380 798074520
969759799 904529862
361421735 637656851
677252047 167645584
853655778 499846849
525377951 221282853
883353660 864612590
597152893 774063732
868775730 832594045
176282881 423602099
681176329 787469812
480209023 589739325
362577478 134444217
620298040 924707418
137309208 201354325
395827724 923127011
553200490 950840856
420181221 78115798
14721441 303969438
343832873 19861911
444208427 207675656
63231185 103211002
856127 832295507
370895867 681432588
307714046 729957924
91438184 657422609
421920222 846715523
352532562 192070099
693291714 611739252
227025211 40958314
471022534 979265041
595945770 300096454
905524568 157873156
116714056 338148462
829845967 533501019
167359207 260820823
590612670 105528802
379944337 298409839
287274170 985925045
201645180 196012364
333655656 419620181
559350372 272399057
298745097 637087734
865400893 864185720
495270369 953527682
859942642 79684094
79259239 180697676
513178404 996501937
56480663 308930741
475492905 422243251
502887630 281519459
7908558 831130127
22123441 37892098
750080688 310239944
665318557 135182699
89206244 180806431
291888437 828390726
100587301 319903489
12284337 883522691
779727152 712764765
160403277 729604880
721763510 263405995
987019712 590162820
732799683 466851304
791468253 336734971
790615517 831472275
538267251 194452910
567538868 739393184
362994010 454300725
610573454 531908030
632412812 983334316
124484825 323446939
881242459 267688766
329992762 260660658
20132123 977930448
622769439 843917104
178526712 121235545
412164066 41371495
172887884 503408328
367696662 894392971
693640625 454248216
234662468 452707171
275642800 616137727
409182647 372217532
340267942 981414066
606690555 803273157
72324920 736517190
754717316 529624965
678791480 928687177
281377296 468003831
494284412 289846254
518065484 326152215
14026114 451944309
953860346 825999676
171384636 490770356
638212210 494960256
591182186 405325602
922141845 180400603
977371107 926276956
49359307 719832350
908441689 281944479
770182394 533477585
972216100 404119038
733264358 350337486
119825002 781889280
811517674 911700029
564029026 826317846
234818795 735637821
968286358 366197211
609131304 788071629
904076912 751807904
704040397 350753641
167621612 490418401
640298674 71843700
728398734 546738436
554182354 766341028
468785653 224333924
870319209 339902744
547851824 889487809
355167170 658283870
813555042 390824846
689110300 394510343
186907573 547870084
864793372 300916152
387482657 394758280
136714371 790146303
4729457 413397871
395902962 136586933
780566839 15318992
397064834 697361003
789381529 44095517
462441500 849590415
463371098 273306410
188681955 616477655
166186795 685375730
736972198 526719952
445521060 907072103
36891257 765485998
383098430 195632123
751761894 712923709
88361937 117497321
316792606 573896058
320416787 360376526
785925145 320696035
226123877 465198545
787525728 208799385
207106371 323128897
400663379 626659777
932694722 204939272
690944277 53971829
624907896 208302817
389823085 215208046
690750040 186783844
703957712 8122025
377600944 207401943
51614316 449066046
933107035 781598274
602997424 520844454
371732786 495588134
399016071 263283163
994167457 237991816
466940762 658806796
602255734 711198427
542874482 817133457
861495995 51148255
42754069 315220110
954064519 708369208
269323158 563219789
860921050 205167461
424909844 434249401
965685483 560967337
921861749 201181445
306745421 356712057
80836380 748994086
969095696 460343859
447246223 545576118
5094818 318135068
873677863 15032180
636754152 640443030
340952966 697766967
535095269 908958740
27541681 618689535
980749495 452481686
970390920 946428859
121532852 528376502
740114446 486672514
502363340 861074836
503554970 608930301
676138094 328493984
678282576 889029938
76010492 842762594
379589633 727830177
4260836 820753923
52566006 214296755
32344798 665292125
723640889 940707962
682198477 899956417
322508311 42877935
405260425 568225522
22544270 58158558
712267558 189894919
952956731 923016172
419082403 739148516
745619131 175210049
249837853 884274881
234668249 743110437
557351336 183629305
997839345 170595551
540540988 533010661
172024519 806299531
327789471 401104459
453210188 94388659
470848679 30624576
127145410 372821659
642053937 109562048
551905609 289064357
573470516 413630127
923319825 862504562
76212983 388426266
474049446 352050668
114960271 326113084
902688175 83590937
333537295 740321807
616723081 548925836
975561224 712343033
200164721 35582869
549114675 689218384
748915655 742228260
793425066 174992724
161032887 749059631
367966481 817380915
910788073 465343531
783956947 558666376
384368367 429728399
979288209 157806972
466023316 882441455
547503577 57685324
903515772 436341825
264390704 868381633
13263818 932887796
761733519 444527188
148441171 419722824
977047335 392918746
480818868 637421141
51218745 363402066
863404255 573053508
381414625 246079515
872006902 902240829
902407460 93094646
85345652 907205597
41801009 12275739
628832452 722100803
727666320 761035422
414258379 102954795
953644715 809589913
253008668 607219353
359735484 521742895
258137567 25762843
449397139 693572945
61019382 810129655
55358083 750995848
862215910 223539009
133909120 166666719
926989946 485905439
397260926 269882764
883316043 339921933
317815151 212530513
175107896 116532970
496368709 969249680
932056864 834274196
684081905 482367785
157286413 865049844
939272501 673143551
669908957 496027248
627448999 408706269
577151585 82686855
479935657 896221400
631805958 935224481
821858138 835914470
430079327 173596834
275803067 143011715
244896428 421634531
540023964 967360879
680761071 177792890
704813595 970732539
225193567 122744573
869374237 596674278
359969105 250447184
248982654 195967553
322060438 427262748
273588362 587537143
906977331 593448475
735920922 294472184
819070200 149510351
804605183 878909905
404018025 618274890
481941226 496388724
448597960 725349579
358525251 416275077
661175199 561488211
799261971 434974479
230409699 397447497
953692990 364485344
717994720 282029154
177688989 774545456
146282484 292687882
414074058 486808222
160690168 456216808
38729012 592776983
733059880 369027462
432347981 370733713
136361004 149929967
377922055 259781760
995713933 599902869
779546731 883280729
502538076 642057951
433184031 491912534
760291135 56366860
702717897 713283396
781224825 921510795
502701607 503868960
90086339 820600021
839244590 458060267
894607652 168346954
327912642 750504986
303766599 190321891
187532162 942887477
49762444 626316529
440416620 944986035
747138245 621512591
630632617 944992793
515352725 502102888
817600211 906448536
49426743 379014349
188420298 506464885
725785125 607996314
117625635 971862097
451937872 884660943
785634906 500085272
212595160 627718916
929641146 311555983
416517807 344176501
201416083 841489007
14306036 136575487
460696528 373241767
355305032 267359737
995275711 777111196
706328433 588037228
947554503 241066896
173520548 258821109
272650504 775291126
92114912 618922592
106512458 549108927
840703945 637295504
807421446 714668515
799746789 371157895
635370120 439712959
30032916 649727687
344972700 325795107
949376913 768489435
3461637 558018738
828836274 456286100
128540024 371243819
621306406 103428426
862236776 453243819
583157958 828161777
216007568 454624009
746298076 550106163
886606594 962491615
31464736 303170569
307044037 84829303
16696213 962645165
928206020 128474935
251163458 768984655
621797686 336119396
391861596 947789169
567867805 372261507
183858696 756080676
339018529 93558316
219388800 624757985
616490854 110625200
27083043 44417445
776550224 834077566
955957038 485615219
642308626 629575524
302317197 460899050
175664673 582847578
350823390 881767099
160833640 151072962
277650148 301580526
704832292 737033713
187009637 579244960
957455655 639282720
477564332 959228758
210583978 417349157
193548953 483546152
100487081 954084136
962565416 987609701
941441903 148391815
33252964 116425177
158923851 125430650
265132994 395383633
209628180 661735497
173952751 504796132
952304021 765252269
702857724 495892773
322547904 667315329
707317380 810366737
569181287 992794282
468947722 481434094
880899023 176145067
171307358 270143548
504608542 488564675
338349054 193237135
198234635 910104129
429858929 233216384
669378798 228254278
600942003 632841690
478135299 808863605
934545030 285172012
434044238 240842364
720342707 832152774
117051888 921870564
780238569 776413138
720819841 134770871
753375450 305553848
979142510 921025396
696827314 388764354
35183709 878280213
572548826 906426043
337552985 243372942
272290731 883651822
692707564 369951848
211947881 122507405
132962074 712419005
769969739 657331215
307373883 864959938
414670529 737255545
238960991 499267592
351215221 559466866
436103788 298534605
439818634 553293696
989186694 356185736
23269024 615925127
696414837 746814681
150228386 998814829
933513303 336184737
119854611 57675126
398210581 868129364
993362553 479529003
951670595 171912886
563597579 795510114
983224300 997724477
183381354 734364880
928756576 10486039
469571325 542049316
721931614 636585499
4185535 348367798
548880759 279686927
975503637 821556562
484837469 831278521
735380673 530898999
972783692 35037595
288262394 423531591
427151293 26427795
671674833 366446863
780833568 693338887
75228245 52739858
352848984 404155265
346305410 416336149
336572039 309947526
605004090 952846115
502017564 207541509
948086249 427839060
449743298 372377533
884731193 957687261
27844228 806039159
807365621 750857935
634449692 335106227
876124085 510261304
727733380 245872897
608917612 335070374
638317392 920358430
349231014 950881080
27623545 74124687
627796338 86505269
460358344 208601944
695333789 24741961
616611578 419556671
170620631 984530362
94832714 32260949
115064230 477341224
113117875 382389115
574700770 38520629
133386137 34774453
459695230 652443929
43683062 186268402
565095086 718966570
652256216 691362924
216848813 881645612
719885539 582225036
335640699 665389537
773784420 407735380
494595455 231974150
376305741 617485527
441703739 218659952
686212691 964717007
727134275 281068359
343867836 750975899
412284244 186478962
754481782 148176485
94968967 89471313
239436476 973188777
663404444 427072540
214555664 101091011
694740405 738457805
760161448 36979673
637309236 120447267
705896320 276747299
79561688 940932711
121615218 305357327
547432848 722943052
419039614 535465060
756386912 664284489
789651515 325084038
139984139 987291293
922283554 597577802
376033486 203817428
11969341 320656690
363955483 768401699
894612574 323512445
137201295 870723220
450835560 35548013
55104359 571875812
429506384 289810414
265892389 901690485
136252974 411340341
909037762 636326914
100393803 446450874
1026126 578624030
155178648 650979858
216069618 885976112
561332039 295741670
935707652 137942235
8806174 442033146
977141644 370567477
43546894 407400584
56962591 450567184
170683028 960257271
738144419 371370918
297964760 500285340
331383084 489968692
354217554 205865127
680967611 433772444
53988553 576023756
295961352 640439413
907782224 748016310
46130354 396434754
277855411 367118581
174957059 908855394
810426309 960710721
714819167 361637633
598270892 371455990
199249855 75293536
685781002 160998734
441305242 752648363
676161152 369786452
805518396 625928011
547345607 158877866
436236031 10778583
793858376 349354640
736674589 876506651
913582412 70958077
481223661 138448768
419191903 917400132
313107063 704717503
581057375 29898957
29814582 42479076
970120845 846694860
402694955 834558607
787933848 717558636
301310557 597299476
831094764 921755190
363166407 871123443
29361282 307036206
11215292 750185911
255283520 955851139
622482613 528057042
239491845 412698198
555362701 66110781
859430644 400021824
180606109 577551008
869170988 198885309
233223193 933470693
720834345 872202102
444448333 866888574
973860539 257449470
676508225 435230514
835272191 95696415
146442614 822169049
637976712 287691159
214810838 929449689
929929285 728236248
281500762 303623987
690571315 723896191
284099820 997041633
286094346 383545297
421240369 749911841
677125574 912818491
329962750 850621097
879412757 760826780
921212274 752922465
217342643 112478908
730396865 449065391
553668788 627487321
562787680 852015901
128969180 919632945
523484314 809019853
683688851 760117678
158824525 795132124
482131535 324986920
970405191 254471211
997603862 812147635
599919852 664877935
27332975 138601055
755998099 848368829
921733081 876909500
315854366 702607196
511027321 173747789
653458798 853687137
781185548 647671133
394881086 296348462
792203196 179406665
84539833 372016534
176339627 793397682
711223566 38236104
583002436 227375482
216673540 159151320
836574241 312512542
819703194 388055047
984002062 678237666
975639308 54778795
928731839 784342987
318553671 597741575
645949124 139016803
417352219 154210618
722254467 89035907
477973321 627140371
729913803 433239333
372772411 965005603
748205884 778531091
304355365 92160163
631334947 308284746
95965756 511613928
278630623 939913431
75536275 494795456
429328930 433297061
597945063 596929194
835223796 969430958
328227123 613146653
885510341 800540802
416025497 156248141
437490723 746158238
734737993 320697023
795663097 770940735
800842856 278638950
248709719 54231360
732081778 451857102
423665674 673025082
973538487 190257330
491795747 387741658
230098248 51722837
772339985 737426862
175535340 408160372
666743866 255302055
602692613 768473920
710392765 577162321
687301177 775349820
730926 828310881
824231671 219219813
891746987 249248361
231746186 649943513
606775765 154103909
802394688 880423947
824393873 291190114
501997100 626708987
430840726 787200056
237287347 564807166
581034977 764247751
880849828 466860060
49342726 565071220
458927031 64609059
659414059 491854598
359886101 937192280
404137138 874788864
937576725 265941308
453945259 402157571
48206407 540583939
576485541 387678334
676952314 589889209
363252793 102910559
668547934 35650632
855927326 131191281
869792576 277124461
888204973 949599922
479440587 13154082
865071937 25371447
337480424 427151927
622803999 162796658
351747723 484117978
532440000 707165719
346400887 406874632
368614849 903370757
942350556 799463257
203840392 317070406
342207328 330241505
757326194 433072061
145771854 511616941
923492755 756982632
353517715 941933215
600622468 587151073
991666763 734597181
564665685 557642253
631905426 397379732
778767872 499790302
977577613 893526690
431203168 50309567
691848391 986469676
453670722 507294582
792190246 136680147
932677755 729569325
488103434 277782755
574965202 179784801
152337291 450508450
764915811 368725105
851013360 362051059
16061045 847540472
761168879 718928619
973990444 321959948
743051090 881660147
426304470 132076740
699065873 502976566
57140802 845269144
893214668 916312901
787360914 633185791
61186840 916512040
526954493 303872022
23521570 166218185
820678151 299740307
11372115 73374267
400679801 499819680
464373883 746515785
530272832 466772988
468803876 402810489
648723799 824362749
949300767 589199893
572842833 569375309
897459496 645594029
818564410 672828713
744130790 914861261
47338588 740228995
660337139 351622326
405642867 360719243
909595867 70339352
350540809 552040085
639637421 865326607
556391768 267068124
423148373 582504175
162869656 70543780
571311840 741209327
948925189 404024469
201644435 413365402
310654668 302563325
47700990 818441067
239107698 633688562
328164859 673246781
540521000 311458240
953817305 271544561
593974071 183808622
289052846 733045449
573956958 887847752
449334834 708866663
424209897 588743487
364990748 525237919
