8374
2473
8334
3157
3840
6808
5241
698
4523
3965
2510
1940
5001
5540
3457
3954
7889
9874
2642
2361
8081
3105
4110
8287
9719
6597
5785
7663
7552
9631
9085
3025
8619
4737
1548
9058
58
8913
9688
7723
2962
9010
1019
3552
3869
6309
394
7710
5355
4474
2779
2631
7872
8649
5280
8330
8693
5679
7396
6122
8188
7435
9825
5283
1662
3878
2876
6288
5640
7977
4089
1732
1995
9647
5514
1859
1548
9575
9129
8509
1957
3585
9629
5090
5296
3996
68
5755
789
6306
6411
5761
8093
9043
1798
2652
22
7620
1831
7907
2347
3979
7935
5819
5366
1755
6038
80
967
2283
54
292
2557
4406
3448
951
1553
6195
8912
9069
8676
2585
7277
1669
1455
9711
9715
9420
8401
3858
9435
5791
6241
8357
5554
1754
8563
5206
7719
9793
5247
1786
8871
5447
6766
7409
667
1450
2150
5280
7347
9987
3588
8953
6559
9592
1316
5425
5865
3257
7549
3896
2657
4751
1287
3462
9152
5073
3867
176
2966
2146
119
6507
4738
6409
3213
8920
1939
8201
2901
9020
6693
7828
8581
2337
7398
8203
1854
1705
8635
4580
8486
7105
3406
3434
9027
1267
6126
7954
7876
1624
8910
5680
3422
3935
8637
4868
2660
5308
7298
7088
813
1280
3762
653
9103
5193
4729
9578
179
5814
209
3172
883
6760
8023
6720
3643
804
9833
1183
8178
1321
8367
6141
7575
5094
5683
2641
3661
1784
7065
7255
7027
3380
7871
4849
2682
9860
2268
27
9446
4252
7311
2443
6141
8111
5252
3736
3208
3753
4427
878
2653
9346
4279
9269
7127
8862
4522
7473
4732
7319
7023
1511
9687
4560
717
821
487
5314
3633
6834
7486
5005
1430
5454
8353
9704
379
7675
2947
1932
3617
8441
9468
9013
8048
1110
2963
2125
9009
7470
3360
7862
5748
429
5881
9331
2172
1210
8494
1463
6170
8294
488
7483
7865
6656
6537
1220
1942
9462
2354
4241
308
8758
4681
6752
7235
9981
2871
451
5898
3613
4302
7504
7147
6314
2854
2407
1905
5490
5746
2497
9056
2991
8747
1840
5467
200
4105
9565
6821
1858
6408
6511
9190
1331
4798
4690
1514
294
9225
7548
1652
8212
7761
1260
596
7883
2943
7279
6301
5837
7099
7902
5054
9823
8600
4862
2729
8660
9243
4722
6514
1003
3660
5010
8584
6323
7242
2768
8398
8118
6702
6910
1947
1757
6587
567
4626
1271
2443
275
3600
6461
1466
9830
5919
8257
1534
761
6329
5960
7056
3043
3636
5058
3196
5358
2417
8769
4050
1422
7150
5471
8415
8285
2926
5667
8340
4224
578
507
4924
749
8610
9914
8882
4757
9909
3894
8516
9223
5087
6959
3606
566
3529
3492
7496
5149
8825
8655
6664
9887
7305
4171
2240
6345
9092
8025
9647
2367
8181
3652
8935
6722
6617
8825
1846
9639
9547
8702
4767
9806
7063
4461
3094
8196
9719
7204
4261
8644
973
1686
2536
7500
222
9332
5890
560
507
8008
3713
4608
4422
5024
6830
7650
690
9410
4809
576
1324
3362
4011
9224
9705
1150
8606
5008
2011
2409
6361
8489
7398
1033
9503
5000
7235
2230
9807
5457
9145
1134
3116
1151
3374
5474
6426
7484
3135
7477
907
9139
6241
4741
3379
8546
6052
2408
7751
1434
1734
9555
6912
1073
3536
573
3185
6923
1310
4920
6081
2083
5564
4605
7745
5324
3185
602
7516
4702
353
7300
7182
4636
6009
862
2850
4039
2423
9469
2458
7315
5623
5600
9379
5951
2026
8844
8466
3090
8250
4955
5228
7742
8505
7031
580
5914
1485
1259
4037
4708
1365
5250
7590
4327
8040
2243
8283
1828
9975
7642
9155
4689
9658
1971
9
7164
1656
5228
3686
1124
3940
4939
1375
8164
3678
4753
788
7987
1026
4185
5587
577
7475
1199
3358
4012
9453
8005
7934
7874
5351
237
8585
4292
8254
3478
1703
2291
1086
9552
2273
9605
7854
3874
479
5131
2435
5147
1829
6955
7589
7349
6469
4660
9003
9152
8782
8965
2972
1730
6608
4659
5667
4280
5348
9729
7444
8165
5963
1924
1432
757
5362
3064
9594
7246
6644
7797
7956
8986
4107
5459
2315
3503
695
4197
6018
2923
7524
2164
6721
9647
3411
5544
4337
1308
2657
6549
7613
2228
6864
8466
2982
59
5311
4442
2809
4220
977
8607
9965
1266
2580
982
8963
2805
5590
7440
8217
9142
9350
9064
7078
9290
9236
4011
7236
8238
9348
8222
1159
6446
9713
6429
6222
7897
9731
1257
2882
6231
2578
2391
1157
3907
9950
4801
4587
1770
6978
2111
4789
803
510
8509
9807
4787
9900
7673
5204
5417
9575
3138
7602
9445
4934
5685
4862
2638
6184
9495
6740
5958
4701
107
2623
4082
544
3756
3288
6611
5257
1855
7515
1805
1168
3410
2463
449
7195
5425
5242
1934
2255
9278
505
1367
3091
4429
8747
2627
2313
8781
1118
6562
3154
4735
9468
4397
5552
854
2280
5428
95
7545
4442
7840
2007
9663
1541
9622
8185
1191
2260
120
2213
6285
9324
8860
273
4118
6905
1397
5251
3532
9270
5974
1085
6958
1331
7710
6833
360
4985
2356
3552
1086
2535
7843
8057
5172
1437
6565
3146
4949
6222
5336
4315
1932
1137
456
6843
6894
1043
2585
3858
4275
4856
2612
1336
7973
763
8885
943
9181
8646
2929
932
3985
4858
6286
7109
4202
8893
3973
2700
4504
6296
7367
9198
7048
7505
2365
4448
9815
7672
1107
6387
2620
1239
2101
3861
1872
3521
3371
8060
3112
4571
2554
2674
1865
9990
6930
116
8684
4428
2664
9721
4485
1921
366
423
6965
4773
7066
2060
4032
4431
3148
980
6426
9808
4756
727
1984
2015
8843
7440
7858
2192
3596
2414
6458
2531
3689
9816
7864
8472
6259
1236
2258
9707
8728
2880
7400
795
5067
3462
1764
88
4949
144
2073
9697
8672
8822
616
9126
2477
4024
2260
2736
8905
957
4221
7717
6519
7940
5277
550
2485
1296
2391
5511
40
194
6312
7177
4058
8621
7968
8563
3567
5667
9222
7660
5515
7200
5910
3997
6837
5989
9260
8490
5579
1607
1952
4532
7841
8218
5466
9101
7254
1247
3826
6010
5107
1425
2668
3013
7129
7452
8762
5903
7412
737
9920
6514
5172
8156
4496
2602
8686
3273
6297
2478
617
4428
6500
3420
7445
9779
5250
6779
2890
5077
8106
474
2032
4666
7651
698
5501
2867
9839
3932
5555
8504
6282
3941
7887
3476
8487
2249
4779
543
2761
643
8704
129
7464
5261
8441
4159
5551
1304
6629
3841
9026
514
2187
5437
3656
5416
8727
2556
7566
6817
7164
6732
7689
1429
7298
7328
1272
4375
4596
6467
7063
2432
4968
2116
9407
1813
7250
7368
7230
1048
9416
3737
1045
1564
2512
194
2254
8287
7284
8342
2320
3476
9174
1586
3589
9977
5539
9078
1968
5915
5596
4246
1413
1089
7067
4502
253
4201
1060
2548
8401
2837
93
4264
7379
5187
4153
4148
7031
7626
7741
4808
4891
2574
9595
539
746
1709
5951
8052
1066
4898
6960
1661
5591
3001
5381
5684
5981
3728
4139
6098
6223
3912
8182
8495
2565
9192
7299
9856
7582
5099
9096
9424
2819
9055
315
8020
8237
1075
1206
1071
1625
509
7628
6286
1442
4553
9115
1682
3595
7621
1996
2900
39
7873
1459
169
4973
501
1570
8216
4601
33
6457
5767
1004
1627
2869
5807
7710
6660
2529
145
8449
5050
5752
4590
7741
1308
1879
9166
9318
5905
1064
2237
3291
4306
4246
2992
7170
5148
5906
3255
5356
544
4632
7733
4837
888
766
3372
214
553
8376
2512
9269
3303
4226
7297
3485
4005
8452
3094
8201
4962
1262
2150
3968
401
2971
5480
485
6896
4538
7140
7319
3339
6694
9427
4026
2643
8410
7962
2841
9401
6355
406
9064
5029
5396
5578
993
4467
5520
7001
6625
153
3972
3725
3613
89
4591
3908
399
1126
615
4190
5723
1311
8792
8858
2156
8442
266
7939
3189
3546
2936
3001
1216
7094
9693
9199
1524
829
6129
6285
4532
585
6711
3334
2348
7206
4202
7036
8373
9212
6076
1444
9369
4206
3033
2323
1833
2713
8875
598
7086
8202
8719
1681
4642
1754
4695
6896
3277
9977
17
6945
5282
1131
8316
4761
5355
199
4307
831
4059
2462
6730
2853
1084
5297
3756
7252
4730
7557
8692
1060
4018
9173
9135
9534
5502
6247
8751
5666
7970
3436
5308
345
2580
4648
7998
6856
9849
9247
4620
9242
4723
9067
7209
1014
8657
3022
1863
1605
2714
2519
6832
6181
7232
242
7355
3753
2907
2827
3266
2078
1558
6271
7024
6787
3146
9288
6992
7195
3157
6157
4628
7990
1173
8572
7717
941
4828
8595
6863
5293
3147
4059
2567
5748
9179
7181
6053
6583
842
6378
1375
8318
2857
8382
3535
9748
9981
801
9199
8741
9858
4973
4399
9286
8953
6771
5725
4646
2139
7236
9762
2757
3892
6705
6484
4050
410
4233
2193
6241
2625
1139
7404
6689
6251
9976
3011
9087
4904
8066
5072
5846
6181
5863
1518
4570
2216
6482
6560
169
7371
5420
3570
4315
1027
505
3790
3493
8200
2295
459
951
5753
8954
8612
9328
721
2848
6394
9750
4783
4954
3696
1610
7550
6948
5467
4396
573
7455
1214
9248
3564
3298
8348
9320
4072
3708
1464
9231
4011
3051
8589
5678
3707
1167
8966
4465
2103
8064
9807
4034
6608
9276
5592
3529
6200
7097
6965
2526
8506
4018
3285
9236
173
1446
5634
8645
5878
29
5543
4216
8102
4557
5262
3534
3678
6423
259
6520
8974
1428
9248
5623
6121
4174
9266
3571
571
2312
6441
2121
1531
6390
2339
1040
6031
2874
6500
3411
2778
839
9357
8017
781
5116
524
8434
3425
3124
4233
6360
1813
8232
5093
8657
3811
3404
810
5231
628
6360
7268
9495
2833
956
8880
1415
6956
1930
1519
8512
5681
2541
5590
9586
4972
4198
4487
8152
1122
8415
8491
7064
236
9692
7400
5493
663
683
5463
8578
4560
7744
994
3615
4058
2797
3464
221
3698
8114
5019
6601
6544
9602
9429
3132
8140
7890
12
6543
9660
460
426
4542
4389
1330
3429
3047
2019
1845
8515
9248
8436
8055
1220
8709
491
3909
1810
8947
4727
1180
4728
9659
955
8882
7568
6323
9240
1954
6327
5846
7317
4891
3319
9167
7967
6796
2843
6096
3809
9578
2055
8657
8452
4421
7580
3718
5124
3930
7969
5949
8570
9386
4437
588
2919
2318
1960
9748
1887
3945
6912
9174
696
2272
3496
7422
6121
1417
3750
9464
7822
5266
5563
2888
3257
9822
1905
361
254
5930
1114
6343
46
9745
4457
2711
4179
6956
735
8988
8734
5808
8980
7032
3675
626
2947
7188
3115
4481
4593
1184
3364
2058
7034
9282
5249
5502
8203
6502
9161
3226
6971
3028
8237
7510
9015
1879
7361
2303
5468
6231
6247
3368
6287
9979
9657
1423
7522
3112
4688
9093
3951
1893
1252
2321
4740
8118
2062
8945
8717
8368
6448
6951
2640
1066
3779
3613
9769
449
413
406
9646
7055
9092
613
384
5340
9648
5628
4302
3890
615
8068
1405
5620
3980
9606
5490
7404
9920
8274
5442
3013
3024
6079
6764
121
8144
9031
9378
1173
9117
6589
5357
1988
9917
3746
3775
9664
4922
6166
8986
2645
8887
1221
2137
214
6341
4136
7941
103
7071
3767
6099
9004
2925
3239
7929
6160
6079
2984
6853
5559
1571
5622
411
9556
1469
3567
9427
1099
5414
8987
6245
7618
914
1479
9704
2458
7423
4876
1793
9238
7238
3454
815
5241
1252
3996
2369
5837
9550
9004
2832
5207
722
2840
1946
9138
4486
4838
2499
1445
7228
7589
6939
3269
2393
3477
2727
8714
2422
5382
233
2136
8859
3180
6360
9556
5871
3678
6134
8008
2063
9843
5977
7062
6964
6200
798
3816
6342
4848
5255
1035
8359
6000
7480
3098
2143
7984
9591
610
6588
8363
8816
9821
5833
8374
1585
2023
7801
219
2450
6843
7666
2621
1110
9985
1650
5123
3883
4805
265
1463
3879
8366
1453
6561
2052
5576
8988
2238
4197
3494
8260
9279
858
2740
949
9412
9141
2537
9019
3562
9428
662
2065
5784
4834
5589
1967
9977
7805
1310
4624
5887
1373
6054
2763
8200
7892
8906
4168
1324
380
1309
2708
347
7867
6923
5773
5300
4265
2837
9917
5684
5744
3303
3903
9787
7051
8112
364
1359
2023
5363
5922
9320
4121
7700
371
9372
8740
5083
1550
1735
5842
5709
3881
8027
5779
3775
7561
6117
3833
1575
4917
9507
1650
7518
3458
9319
9182
1242
6476
9399
5713
696
3333
8516
8916
9231
554
8721
70
4182
2941
5123
4893
7404
4725
3204
4741
3611
3580
6385
319
5283
3220
4359
414
1397
4477
3544
3794
3998
3817
8208
7338
8927
6899
3864
484
6381
9001
4414
8084
3052
5988
7173
9448
4068
369
6318
6
4733
3945
2312
4416
4428
9366
8074
9167
1998
1590
7174
4207
781
6548
7709
8056
7816
9502
658
8255
3691
9246
8814
7601
2233
8561
5285
8080
6257
2054
8091
9269
9809
5775
1278
6824
3912
4006
6314
9811
8706
4812
3569
4798
291
9480
6722
7289
3861
6114
9124
3961
5483
3486
2514
5312
2883
8000
231
118
3620
3054
7055
8998
6561
6993
2896
2446
8594
7660
2839
8912
8429
2004
8478
7206
41
3222
8760
4754
4427
8153
2281
8472
3082
7439
724
3743
9710
4230
8436
1342
4952
3271
4467
7719
5596
1993
2853
3656
7619
4804
4599
337
7467
3036
929
4092
4521
6589
1063
7963
3638
1209
5710
1665
8559
4256
4090
6604
7765
428
6862
205
1691
397
5016
6283
1769
7716
3717
5912
3128
2101
1077
1678
1010
247
5987
4756
8433
5555
616
9883
9883
6323
9923
8057
9246
8795
9133
6273
4539
2268
7605
4863
6010
3648
144
7897
6454
2075
5616
8128
9343
129
4414
431
8154
8287
8209
7604
6882
2455
7871
8859
5889
1084
7788
4088
6668
6226
6903
7509
4421
7388
4362
8405
267
51
4086
5298
7002
6400
3119
6284
2888
6838
4877
4461
8864
2369
8560
6621
546
1600
9613
4269
3156
9783
7103
8253
6694
4989
8304
6095
4604
9958
544
3758
5527
9394
8613
9278
9581
691
3341
6475
3112
5835
9222
4390
3303
5619
9880
5780
4317
3181
203
1532
1990
4253
4401
7252
9150
7463
6338
1595
4541
9171
7391
9736
2640
1601
371
1198
1023
1320
8676
1850
4510
6017
7834
5305
5782
3977
5898
3026
6337
6990
2501
2852
4897
823
2837
5827
3740
7083
9916
5474
8220
8122
294
2540
9490
2393
8527
4605
613
660
8095
974
67
8805
3781
4902
3470
6119
6114
7384
1348
1601
3222
7667
1789
1371
1708
2832
6295
9506
5681
3222
9617
4378
6693
9762
1822
3854
97
780
4894
8314
2971
1017
1681
5836
719
4005
3809
4911
4155
3559
757
6823
6273
6647
4522
1634
2741
200
2692
5591
9695
7558
615
6701
6862
178
3732
3076
1992
2510
3778
557
5944
7281
4571
4196
3901
1526
8250
9925
5566
4456
1109
439
1924
7910
1329
7528
1630
5291
7146
6246
1617
9288
3313
8317
6068
5234
625
9016
9751
6540
1824
8731
6519
7451
6540
3878
4701
4823
5577
8283
7453
6084
3770
6207
6718
4852
6459
4851
1809
6944
4855
1021
6059
612
5096
2270
2270
4272
4987
7014
9160
9562
1652
8032
4519
2455
2156
1769
4899
9592
1995
894
4214
8618
3257
8162
1729
5079
232
6671
3791
9544
671
733
4840
135
4560
6946
6267
618
4447
4754
6665
6241
1004
8184
1946
5022
6207
1117
4762
5992
1347
1847
1843
8462
5217
1057
6668
2995
1146
8187
5048
4664
8688
2399
6648
5185
3164
5470
9909
234
1144
9190
2188
6013
5597
1675
8614
5609
9947
5147
3599
9835
954
9801
4243
2233
255
2844
5731
1187
7599
1955
5421
8466
1177
5682
5841
9264
8038
9009
2093
4582
7340
609
7404
662
1508
7868
5859
6291
141
4816
6476
2964
4371
3040
8406
5471
3018
938
6497
9686
9194
6920
9181
2766
2703
2411
2791
2531
7279
5603
4849
4258
813
5035
5105
4545
7406
8915
4152
4774
6679
5110
5907
9281
6484
9897
8063
528
8019
9034
197
7742
6023
5927
808
5226
4586
7108
2646
389
1004
9069
7324
4685
8360
3
8229
701
3391
6285
2427
5217
952
2577
4809
962
2370
7912
9182
8520
8228
5436
3836
4296
4379
2396
6932
2765
9609
6061
3143
4359
6210
8205
7215
4936
9530
9413
1512
5731
5665
3194
5385
8333
4868
114
3882
2014
6300
5915
1888
5534
5884
8800
3281
2637
5114
2294
5258
4485
4912
5793
1319
636
7993
155
1939
5580
6553
9078
5856
6278
7642
2776
5240
6349
7215
561
2487
3999
1047
8971
2074
8540
5700
5984
4677
2311
8671
3204
7845
8277
4910
226
5012
5368
4528
307
1894
2729
5836
219
4349
1625
4174
6596
6730
2230
823
199
1858
5101
4842
8925
8108
2868
7099
6354
5294
3749
5504
5423
1456
9094
8415
7216
9477
9361
8948
685
5234
3700
7990
4746
5145
7945
787
4968
5350
1117
3878
9803
3052
3936
2217
9075
4450
8524
3294
4577
5110
8375
3661
3846
1316
879
4571
9562
880
8525
1576
9393
7210
7580
4057
683
1206
4278
5505
9922
2289
4507
1885
9675
9169
3558
4047
2493
6685
4469
9439
985
2658
7882
8754
5854
5483
2996
5468
1636
6070
4738
2897
2348
9465
7376
9374
3812
1024
8821
3052
5923
484
7845
9225
8053
7613
4650
5460
4144
3996
3612
6689
2198
9644
9199
6342
4540
1917
4474
7283
9966
5671
6706
1101
2733
3088
7782
2629
7369
3451
4847
7264
4356
3499
9282
3605
4160
9798
326
5098
6349
7794
131
4529
5712
1321
9199
3360
6913
3033
5187
5255
4913
2099
2102
8382
1374
4774
1276
6500
9236
6287
8945
3624
1106
9513
6535
2207
2954
3934
5417
4674
8181
5207
4986
1125
3106
4700
5742
8700
2522
251
5717
2258
4051
8936
2065
5342
2775
1056
4544
9555
4327
6141
7461
1775
4206
8002
5397
9982
3260
5330
8028
5432
9702
7427
7079
8040
7684
698
6766
8506
4979
2772
5506
633
50
2407
7564
7588
9304
1382
3683
4387
6475
3736
722
9212
2337
4835
1062
6674
8113
9360
852
4110
9103
1656
729
8095
3228
636
8052
986
8962
7852
5577
9966
7740
4576
5747
7019
567
6058
8056
8289
319
7510
755
5006
8171
429
7885
180
7766
298
9970
4191
8751
2515
3988
2647
7804
5676
4447
5793
31
8315
1699
2520
5497
2024
2540
1712
7966
386
7122
3067
1506
7347
4697
170
5293
3035
1058
9908
7895
5713
8274
8384
2838
7902
5678
2823
965
3235
9203
7576
9190
2941
4196
22
4220
8033
9710
1716
7445
5448
6643
3588
6054
4041
9487
6449
3199
7531
2954
9560
2270
8699
5047
1514
297
8912
4147
4203
9959
9645
3731
1559
6298
7572
2788
5064
9853
2494
4401
2541
6696
784
7602
7023
7347
2687
4193
7866
3741
6251
9663
3916
7893
1724
1844
9762
8162
7910
4990
7952
5203
3288
6096
4562
2870
4099
4622
340
7796
3621
4355
5690
358
9636
7526
1972
5397
6133
1694
232
4788
2038
6828
1753
6387
6111
847
3773
3851
5281
1031
1406
3611
5732
2679
2648
6340
6814
8864
1620
1506
8871
8072
9500
7490
5506
2751
5280
6027
364
7329
977
7332
4631
9099
5114
579
4718
2435
4316
7296
3721
7397
948
4675
6024
7632
4329
6432
4821
732
138
7087
8128
8558
4879
7019
133
1053
8219
9452
4264
9630
4823
7707
6238
1972
724
5229
8802
477
3861
3853
3840
7156
5467
561
9431
5930
2324
4804
2653
8877
8820
8700
2905
2158
6936
3383
6737
2292
6143
126
9577
286
6424
5198
8017
8389
4845
9769
1675
327
6034
6900
7827
4675
2359
788
4277
7437
8553
3934
1796
5185
1686
9036
4435
9298
6680
36
9023
5983
304
691
818
1331
1559
9495
8347
7941
3318
2566
4933
7908
1630
1523
9607
9316
6650
3370
7672
1799
2909
48
2848
6322
2427
2091
4996
6197
6273
6528
8031
2622
3278
5394
246
930
5739
7077
77
9611
6917
9120
3340
2732
9836
705
431
6653
828
5174
2504
7180
4218
8290
8785
3382
3078
3077
8393
4131
2311
7204
4556
8458
8156
9102
8807
447
6683
7483
5606
7529
7975
128
8951
8848
9101
4871
534
1686
1724
1949
3523
1024
3723
3314
6919
6966
9617
8125
7170
8530
3427
9491
876
9600
2602
7273
4042
5707
4247
6039
4405
5992
3301
8237
1147
9591
3959
4303
8009
108
6872
5161
9611
2113
1949
8358
3968
7444
9175
7737
5308
6319
6562
7576
614
106
365
9579
7417
3083
6373
6513
7973
7761
5543
5644
9563
6813
377
7694
2924
4694
2543
1402
7732
5221
5530
376
9358
4077
1930
4158
8518
1440
1507
3405
9541
7830
3852
6144
5732
152
8681
4336
6056
8202
7415
160
388
2922
8156
3407
9190
5181
9964
6596
4710
476
5476
7847
2757
9496
7857
3666
4154
5801
5993
1668
71
5838
4907
4087
1756
6335
2103
3469
7673
5680
7315
7965
1264
4352
4240
6074
9160
651
1182
8189
1593
7053
4486
4341
8301
9899
835
9073
2633
9047
6960
244
9974
8625
3148
7708
3767
8387
6808
1402
4841
4665
9791
4629
9138
7821
6176
5995
9087
1444
732
5278
9817
7514
6104
5046
6738
8565
9244
1674
523
6549
1405
3296
1627
7837
9711
2020
8344
9730
6353
9296
2204
3027
43
9183
1227
480
6994
1739
8065
9300
7029
1128
7687
4742
7941
8225
561
5109
1423
9982
3624
1589
6439
6050
1767
8603
1415
7528
9823
7099
7769
777
4558
795
2325
6679
8234
4365
9995
5396
8282
7802
1334
9197
5881
3580
3666
10000
4963
9452
4605
8545
2013
1157
4279
6709
7253
4552
7019
7311
3077
2117
67
4900
9408
4753
556
5443
2168
5418
9311
2564
2783
7249
6511
4653
2085
7546
5991
986
2174
7489
5976
378
6149
8520
5808
655
1712
3573
9467
7947
7633
3543
9839
908
2664
9354
663
7303
8990
2966
8191
3447
6219
2285
409
9036
7222
3158
533
6066
6530
6713
2756
6079
4858
7125
9923
9109
4856
8460
3928
9080
7614
4740
1702
4993
3981
2954
5909
7955
7789
4110
545
537
8155
7848
218
7646
2342
6887
7584
4199
3478
8154
8367
680
8897
473
5610
6715
5828
9038
2763
5802
4401
1832
8140
9800
6538
9639
7089
2223
9364
3238
2190
6417
6391
687
5927
4951
6391
7415
3782
458
9952
5660
7065
6762
5185
9133
8734
7371
7837
1700
5164
7217
3869
4524
393
6651
5792
9587
1610
5182
6707
8390
2552
4602
7624
4304
9824
562
2122
2386
8101
9216
1266
195
3321
197
6090
5008
329
1770
2877
257
6002
4808
3423
4921
444
9667
3049
8467
4673
6655
3452
6169
4814
5163
2514
3940
5073
9400
9729
8303
394
4801
6946
9650
7692
7362
5883
41
9104
3167
4265
3263
375
4057
4534
7353
6848
734
5679
63
6739
4679
6529
6949
1405
2039
4017
86
6453
4003
4457
3808
1277
5090
4257
1876
7088
7624
178
9449
5261
4676
206
3151
9077
8610
1276
3073
8522
2495
2631
3312
8560
9946
2974
457
2059
1761
1365
8770
3203
2254
5536
4258
8748
3769
8542
4748
8263
5025
5749
1391
9086
8084
7717
2144
1593
6270
1807
825
5361
3908
3323
3045
8892
2074
5513
8214
9624
5973
5346
1410
4911
271
8338
2822
5715
4666
2852
3479
4773
1065
2772
8973
63
4905
6971
3883
6900
9361
7197
9095
400
4769
4529
4617
4357
985
3133
1452
5317
9572
1791
8060
9623
4731
3366
8628
4629
6337
8997
2288
4769
8792
7726
1585
9656
2736
721
7497
2525
2428
3554
7539
8482
9649
2004
8227
3338
6312
291
6957
9359
662
7592
6494
9305
9639
4537
7611
6807
2883
6433
6564
2435
5064
4283
7864
47
7511
1479
4863
4170
9697
4306
2547
3505
718
8327
1350
9473
4076
5164
9031
1119
7866
395
7675
3348
317
7452
7563
815
9680
722
491
9348
592
9810
6827
3759
8646
8183
7529
4469
8254
9854
5347
8702
9526
2356
504
2360
9328
8520
3076
2086
6414
7677
2490
3183
3376
7305
8267
6179
3767
4194
7355
6451
2701
236
7163
8922
822
7892
8986
3967
8957
7320
2031
4196
3219
7248
8247
4889
4388
9545
5548
3504
2635
3814
625
7669
4109
8101
2773
8362
8302
9974
3967
245
521
6336
3397
2132
4364
2013
198
1774
2464
9865
4586
2099
5451
4574
1412
1506
8329
114
2307
6419
3297
1588
2325
6909
993
6156
5217
8097
3037
5514
6554
5900
7896
8721
393
1326
1939
18
8080
6005
4804
5498
6869
6156
1904
5079
6175
2557
820
5456
561
4461
2641
8370
3922
4345
5189
6642
10000
1990
9807
9918
1149
8707
1370
3178
8614
3007
8970
7499
7626
2633
9528
4962
5880
5823
3164
1720
3443
2964
3379
3185
9059
6003
4736
8505
9305
9536
1589
5672
3910
6921
1576
1795
9759
2100
738
4391
4595
4878
2104
242
6087
6652
7276
3040
5418
1159
6353
6242
9926
5111
7449
8442
4546
9983
3594
6530
8133
679
9551
3918
4414
9522
3260
8227
9003
9161
6582
977
7356
9275
4644
966
2611
36
9919
6291
7143
3517
5850
5626
3542
8670
183
4125
9341
4703
813
5240
5129
1731
4587
7733
1617
6651
1387
4185
8580
3466
8278
5161
5219
383
7789
813
1618
4016
9328
3389
4080
9760
3526
6228
9465
9907
9780
7118
4512
4101
1303
7154
4870
1406
3936
556
9528
8321
6753
7245
9591
1852
2630
868
3563
5789
1862
4095
8467
9911
3409
4379
5374
758
7667
2174
8337
5215
7181
8800
6870
297
927
2911
553
1347
9734
5922
7499
6385
9114
5765
5834
1844
2595
3044
2088
6330
3501
9600
8558
3002
4109
8283
6333
5985
7175
7239
8553
7715
3007
985
824
4680
6230
3302
9710
182
3732
7494
2826
3138
6444
3654
2447
5253
1841
1630
5672
5202
1799
5824
9572
2069
4264
9773
5757
8903
2314
1274
5694
8414
6356
8457
9827
1107
8723
4017
3920
18
3396
9020
7618
642
4814
3180
999
6392
5298
4523
735
9162
4561
7732
9646
8642
1897
8066
6003
1569
1879
630
9705
6906
2721
7712
782
4645
6841
5622
8828
7203
2754
1676
1776
2401
6396
6792
1205
5517
7566
1708
9877
8055
9222
5842
6222
2832
3628
8322
1099
3891
3703
5975
3963
294
5405
2683
9216
553
1720
5350
8646
7704
7207
331
3183
2541
8605
3615
1914
6360
3579
1870
5761
6965
9324
5526
9550
1144
7592
1502
4144
1027
4400
9564
3151
8557
3734
8429
4488
6016
9382
5296
6328
1694
7294
5083
1155
6955
4232
2233
9514
2810
9984
3950
8652
2786
3639
1693
2855
9508
3715
8551
2483
8511
174
2027
5856
58
362
5740
7842
7674
4907
4212
737
9860
2117
4034
2924
6251
981
4433
8088
8482
2431
2231
1486
5410
7280
1806
3598
769
9859
7377
5789
2705
8882
5948
1825
278
6180
3035
8446
7165
344
4402
5485
2411
7321
2171
7298
4911
2628
2951
544
1886
5903
1878
5879
2335
6243
6174
7749
629
7298
6891
2899
1599
9859
3804
4655
1773
6827
5770
8866
4015
6126
3591
1324
6871
8739
4332
7597
3293
4406
4259
3397
3549
677
5502
7800
8497
2334
5024
9414
2149
9369
1033
3350
4691
1214
7128
838
3431
1908
3371
120
692
9377
9665
7705
8332
3883
3997
3590
6378
8717
3559
171
9386
5131
4606
6594
1214
6036
4240
2819
6559
4592
1407
8341
6442
2022
6164
1978
2910
7933
6890
9578
4066
8416
8519
7531
6705
4570
3539
1728
238
6954
5712
3244
878
474
3665
3350
8764
8505
9736
494
7484
2635
5716
3154
5635
8686
2837
2167
1754
8830
6080
3270
2152
2170
8866
2593
489
5928
1784
4789
8313
7277
6409
4109
5913
7168
5029
1620
158
6166
4429
3984
7704
9816
584
6387
3534
4710
6299
8686
5605
1970
1440
2905
1745
2822
3893
5122
6754
6708
4409
941
3650
9526
8273
1299
4004
7470
8917
3216
5155
5385
7692
1315
2988
4853
4852
530
85
7466
4398
9015
3265
9329
4685
6044
5783
2288
6535
6130
9557
2268
2742
6713
4513
8454
2412
4540
7968
9099
3577
7875
9278
7789
7219
3458
4328
6891
338
7577
1826
5134
8921
3671
4737
7884
3324
8986
730
5305
529
7665
612
6294
3244
2619
6469
6411
3083
5461
6857
3682
3227
4098
6830
3598
3228
6953
9655
686
5546
5315
4838
7365
2781
9479
4823
102
7571
9442
4083
109
6198
892
420
5555
9537
2396
143
2936
4479
6588
6019
7909
3662
7182
4430
1357
9365
9989
9646
3435
5659
6061
6317
1619
5974
3151
7081
8166
1394
1549
1487
9840
4177
2289
8389
8696
4306
4428
1625
9359
814
8232
2150
1071
1550
9634
393
6937
7258
5137
9784
1477
8548
8987
3242
2633
4884
1455
1116
665
8337
861
3997
24
7653
2766
8662
7679
3612
7147
4796
2847
2535
3135
1408
1744
9017
4990
2398
9720
5731
9888
1869
5027
5689
6035
186
5143
4506
8125
2207
3751
6523
5578
7749
1905
4256
4966
5392
5104
4134
4520
3718
9918
926
5336
5221
507
1018
5484
1072
6675
7612
6108
7089
2325
1549
2457
9894
1742
8273
5714
3592
9779
5139
7160
9095
340
6490
43
6797
1009
3926
4017
717
1862
1349
9988
1615
7378
3316
2720
5255
903
5577
1974
3217
1000
4395
3145
687
4090
7190
6063
1111
8737
598
2813
7706
3754
6021
1960
6912
7682
7538
4388
3291
1581
6859
2051
7600
5785
8138
574
2926
1592
549
6966
2982
4126
425
2457
6890
6195
178
9736
1903
7805
5271
3805
5511
3403
4172
8956
8604
8842
5839
6804
3264
8518
7858
6072
969
2591
144
1918
6019
5401
5527
9590
7670
8687
6891
8320
552
7090
5282
2146
3905
8218
8060
3720
6613
4003
5408
3141
4174
3774
2253
6636
927
4519
7050
1123
711
8705
906
4105
5116
4227
6280
3996
6242
5362
9097
7741
4571
6556
6390
1728
6508
6588
3469
8540
2291
7189
2216
1416
9529
4086
8636
8725
5027
1018
835
4245
4884
7119
8423
8294
8115
3245
2177
3134
2614
1361
3246
2342
2722
3703
4460
8022
5540
241
150
6072
5389
3227
3243
7524
150
2052
2210
815
9807
385
851
1162
7368
2416
9509
2970
2960
5608
5740
9679
4705
9782
1798
5821
9420
7182
4612
1236
648
1866
5697
1730
873
2315
7674
7944
9747
1254
3926
3341
8233
3612
5142
2175
5500
1556
8594
4064
8556
3674
4064
6586
8503
5399
3986
2138
3562
75
9944
1808
2252
5331
3801
157
3559
843
4369
8236
5363
9788
9787
9703
8257
4498
4364
8313
9767
1565
9593
4165
8508
9253
7138
1322
3503
4524
5521
337
619
8642
7626
6623
5939
8399
2970
72
180
8962
258
2388
7880
6630
8033
688
618
4774
7440
7197
6552
2526
4028
3132
51
5397
3772
9652
6998
7274
1055
4032
1399
1976
6510
5036
5084
6425
7924
8094
663
3776
9028
4917
1588
3821
187
166
6087
9596
4049
897
7446
8289
6406
6136
720
5881
7995
6387
5381
3323
2179
8119
6199
173
3601
4052
7885
6255
5406
3850
4421
1039
5728
1494
2557
2314
176
3291
8032
7164
1253
5152
3983
9857
7601
5276
5725
7127
6510
7128
8356
4085
5092
7125
8322
7693
3721
7645
4911
214
5917
9103
9292
5535
4094
670
1789
6955
4325
447
2553
9990
1647
1379
3536
366
1781
723
4623
1303
4931
4506
4227
7258
8650
9140
3768
9647
5780
81
7335
1183
6869
7413
8966
9562
8222
1790
1637
5468
1473
9091
9097
2119
3042
2474
4453
8818
6245
4070
8485
2312
8944
7450
1730
9324
3368
6004
6590
889
8222
7836
2942
1088
7694
9840
2244
7120
4756
9160
3574
7796
4218
1101
2527
1421
9865
1395
5443
3098
9828
9602
7649
1708
4866
1240
415
7170
8802
7272
2863
5173
1882
3885
2891
5444
4003
3197
4440
4051
9863
2064
3674
8266
7025
9701
2789
9610
584
3327
6094
8621
6503
7047
8763
1466
4562
1354
2982
2289
1932
3610
5884
4995
1344
399
9339
776
4901
3887
1629
2510
3024
7217
8763
3224
7152
4713
732
2187
8180
9810
9793
2552
653
9977
714
9076
7851
7980
2762
2242
2958
5570
624
5062
557
1179
301
5123
3797
5630
15
3437
6175
789
3515
4373
8826
270
1823
5081
7376
5244
7233
7769
4880
2298
2365
1676
1189
3888
2614
935
8959
4490
72
2123
4285
911
53
9220
5275
520
7408
1308
8456
95
9129
3877
2935
2095
6737
6923
2479
5512
1075
1703
8421
4713
4419
8580
5730
4806
4513
9342
6267
1114
9441
3415
846
1583
4150
2651
6801
3530
1560
475
6968
5467
7787
4866
1847
1747
7062
5071
1837
9574
974
7699
6624
1563
4756
4868
7906
7305
8802
1709
1156
2728
1872
1218
4581
3945
7559
2137
6779
5736
1560
8278
6567
8525
80
9978
6562
8505
8422
958
1766
5437
6132
1724
7762
9746
1174
294
1000
2172
2214
5417
822
2847
7041
1499
2302
3573
2297
7024
2207
2214
2391
8859
6679
3553
3788
9910
2779
5422
4871
6417
6012
1703
3745
1319
7180
2154
4472
3332
9133
4612
5358
7222
3185
6421
4158
6489
8057
8316
2809
1718
606
4396
729
3305
14
2428
6476
5148
1100
4759
1942
6986
4855
341
5266
5192
2333
2240
2472
7096
5473
792
9378
2270
5553
1950
506
7343
3259
8000
7355
6372
8721
1779
108
3733
9728
7629
4264
6573
935
3455
2186
7018
4314
9387
6859
4775
2614
6895
4937
515
7506
2704
2649
3287
5250
5028
7105
6975
7964
8229
8833
1615
174
7115
494
9079
812
8415
5674
2573
5236
3754
8259
9900
6143
530
86
7385
4866
1975
2486
62
701
2931
9140
4445
6888
3010
7100
680
4196
9383
5639
9339
1828
1939
1184
6495
6572
6376
1705
4967
2426
7288
7924
1705
5052
288
2131
9915
6500
4263
2450
5204
357
8586
9592
4929
6119
3759
5795
2444
2216
6783
1536
9172
1989
6236
325
783
9009
2916
5943
9226
8450
1835
2296
5770
3984
6849
5401
3164
1791
6322
2949
1148
5186
6071
8674
8763
3569
877
8565
1249
8761
3892
1601
7241
4113
7968
2713
3276
5533
6214
8220
7362
7944
178
5345
2893
2442
8822
9419
5547
8428
8647
3940
983
4784
7408
8265
3179
5878
3920
1711
3160
2948
5028
6968
8584
2444
8726
6510
4952
4304
1609
7777
6369
1783
5453
1087
9319
491
3445
4084
3911
7538
1056
6696
4787
2813
8125
7407
9137
9495
3309
7578
8983
231
1268
3654
8036
7856
50
8199
2695
383
9414
3721
403
3166
1588
8788
472
2845
2436
3
375
4323
9022
9284
2732
9687
84
6117
4146
4351
8804
9683
5439
1825
3398
3822
3347
2263
4618
5737
543
7031
5848
993
7335
4719
4083
7853
5095
7949
5573
7953
8739
8382
1373
4159
4401
1818
1268
7898
6758
5593
2395
8467
6264
1780
6092
6064
1967
8243
7551
4206
7442
4295
3900
1922
4426
1922
9187
7373
8184
3354
3021
756
2826
9076
3753
6545
9093
9853
3773
6487
9577
5515
2192
3525
8325
6785
1531
1724
8369
1721
2663
9557
6739
1037
9134
40
5992
9791
8733
5883
5508
6278
6041
2917
53
737
5763
53
7565
2284
3856
9561
9845
1264
3898
5443
3206
8899
3610
3648
9112
9064
3400
331
6262
6048
2454
3644
295
6724
4976
6393
8110
2165
3442
8541
9092
4691
665
3298
268
8693
2090
927
8821
1776
2098
1834
7490
4503
9705
6890
4949
1031
6009
5803
3538
7564
3505
465
6815
5529
6038
6102
2904
6998
6086
7800
9810
6546
7318
9210
7411
5267
3508
3104
5430
6514
5229
5868
8019
9952
7816
8535
9542
660
2514
7348
9938
3376
9944
3164
7966
5666
9540
8036
5037
4016
6823
5123
8919
5764
133
9221
78
8635
920
6223
4691
3927
8604
6645
3001
9550
8788
3594
4302
2655
464
116
9351
9973
8443
1378
3571
4349
485
979
9730
1707
5473
1688
3420
6612
7750
5769
9300
6634
7357
8757
1611
2355
4649
5631
1395
1804
5208
980
2880
9618
4725
3323
8046
2035
2177
7541
1336
8546
2770
1848
4371
2282
4466
6413
4722
1331
2542
6625
3314
5802
5310
3593
1481
3221
2551
365
8574
3376
1585
8519
7288
5313
9429
1237
6795
7347
7745
9262
5936
9709
940
2481
2664
1906
2142
6788
7207
9940
8470
1057
2480
213
7885
4007
845
8094
9929
9134
8776
6834
247
8151
5351
8785
2681
3499
6526
8469
9933
5496
8851
818
8087
2001
6634
3318
5534
2468
7962
3275
1935
9540
5478
3869
1994
6191
4780
4919
4747
2451
5455
3097
8896
5088
1255
1416
9288
4622
5777
7140
3677
4882
9589
4941
1777
3863
996
5862
6550
5458
6729
1628
5001
4596
3785
5225
6955
5688
4191
9350
8185
4704
1068
9143
8454
4294
3093
7652
2408
7250
1711
5943
8994
7463
8925
5085
706
4329
2579
1726
5183
8833
259
1145
1523
8757
1240
6177
2732
646
2900
7216
4173
8157
2682
8819
8969
5041
4695
25
9563
4553
4098
4300
7306
7305
7636
2380
9885
2594
1980
563
9949
7092
1926
2125
5359
4779
4711
1952
7881
4346
8176
7174
9835
8500
9012
6219
4298
2739
2982
4043
3393
3941
7210
7574
5614
3593
1355
987
4831
2367
6116
5024
3339
2933
5046
6000
8931
145
9017
9472
2674
5143
6931
8513
53
3730
1819
268
661
495
8798
6499
8247
8309
3459
9568
49
6205
9614
3203
8431
7085
7292
8349
9829
9556
5880
6917
3795
183
5923
1675
275
2537
3579
2642
2082
5673
1520
4116
9604
588
2095
9299
7826
9884
3140
2343
7342
9037
2060
6104
230
5084
9728
6904
8816
3272
311
9700
8538
1896
2105
7517
43
8944
7683
3097
2114
9026
286
9196
9777
4378
2535
1476
1299
6422
8819
1268
394
6492
223
3658
8160
2614
9015
9457
5450
1368
4809
6365
1712
3102
6878
2214
7122
8238
5814
5851
4482
6332
8754
3212
5824
6978
4594
9641
522
8018
8512
1921
4711
1612
461
4748
4621
5925
7047
3911
5663
9856
5537
3944
9224
408
9801
8528
2801
3635
2719
4998
2453
7473
4418
9915
8825
9302
323
8730
2491
4629
752
2962
50
9709
9050
8319
4967
5830
6463
874
9640
8909
9678
1628
9147
8399
4100
2728
7767
9479
5147
812
7037
944
6491
6737
2293
3720
2258
3904
920
7970
3542
8622
9886
355
7292
5505
4889
5760
7774
2747
85
6924
4735
29
127
5945
4225
8759
3057
8273
1563
9255
5602
2467
1025
9372
7663
6886
6772
9410
9115
6283
3129
4045
7446
3860
7109
1484
3602
1740
5312
2793
8081
1918
4751
6210
2197
5006
7387
6126
8461
8566
8673
5462
890
6308
3777
1465
490
4344
3049
7683
1561
2096
9690
3387
8849
6759
7601
973
1080
5684
2427
5475
4026
9763
2784
3046
1414
5327
7280
1926
8032
2996
1000
7718
5621
1809
7101
4785
864
61
315
1752
1045
8881
4489
4458
5738
7222
993
6006
4163
2740
3355
2246
5378
7056
4983
334
9308
1030
4952
6321
1055
962
5910
8083
1352
9138
1304
3526
7023
8935
2921
7933
7301
7935
9089
5454
2944
6628
8295
9201
3257
5860
2824
5092
643
2244
9752
6366
1021
2733
9179
6475
5426
9242
4240
5640
8202
4590
3045
955
5844
9476
4371
2559
7584
6683
3654
7650
9630
8652
6543
2148
6508
427
5592
895
741
2636
519
1288
323
2627
5431
1563
378
6763
9424
6593
6613
1459
3420
5017
4959
1203
5843
4791
6395
779
9006
8498
2237
1071
6709
5575
8628
4574
4363
5118
7783
6746
8304
5812
8596
5046
3067
9212
9856
3102
2137
7735
4357
6519
9567
6161
2523
9788
9767
1498
4014
5023
6950
7041
2168
1846
4510
7736
8475
174
4372
1006
4622
1963
352
7248
3370
5585
218
7636
2552
1531
822
5004
8631
5402
9976
3711
8085
920
304
2516
6916
956
5096
2823
781
9541
1660
9055
851
1364
525
6155
1301
5143
6836
313
6586
119
9045
3140
3484
2161
8164
5757
9610
3042
4915
9116
2256
3845
4365
9738
961
7071
3227
9885
8842
9080
7242
7617
1233
3661
7319
1808
8968
6909
385
14
8829
8641
1720
7344
2656
5182
517
7512
7055
6199
6938
1145
1024
9534
99
6262
1964
4976
6749
2388
4093
9561
4947
2626
1682
1515
3611
6839
4710
97
687
5286
336
9069
9313
6619
7545
4558
6436
3716
8013
915
3980
8366
2715
1538
4253
8516
5978
9839
9591
7471
6230
7660
1038
5700
1393
3524
4787
8938
6543
4556
4551
7863
3477
9188
4781
8027
4375
5164
2135
9432
9196
7883
2368
3433
7978
9753
9043
8500
1039
7397
1046
622
949
1845
6219
7062
2570
4518
8903
6836
4095
4365
5371
8518
637
1537
6350
5688
4463
1272
4526
94
884
2581
1198
8116
9311
3563
7981
7881
167
1766
1940
3615
587
3848
8104
5870
5198
7037
3783
4212
1928
1228
8880
6840
7952
187
5277
7007
5995
8947
1242
4574
1431
2098
4681
5929
5326
1180
172
7236
7547
7088
4022
4232
6546
9536
8397
9131
3782
2564
1759
9849
3025
6197
5959
3685
537
8975
3952
5768
4029
8913
8792
2854
1772
3975
2302
3053
9877
9312
5770
3397
407
848
372
4680
7726
5884
6123
4744
9364
5790
868
7573
2825
8918
7122
58
4363
5194
4477
3157
3891
5529
4759
3339
1578
1836
5937
3432
7839
8423
2751
2305
5753
5
4155
5386
2045
6471
7797
2298
5013
5949
5759
4400
370
7221
3423
8189
7265
570
4559
472
2695
5082
5809
9421
8628
9701
5492
8510
4223
5969
653
7187
7829
5044
1290
2612
5160
4881
4225
5177
7988
3273
1964
2823
3155
2088
4352
1606
5210
1743
9763
4843
2501
820
547
9246
130
1318
8941
3401
4764
2279
8686
9559
4528
4345
7540
9740
5902
7312
6499
8783
9895
6438
206
1396
5478
5443
7061
6175
6502
8948
5835
8816
8638
5018
6815
3207
1399
8524
7605
6407
5337
2160
8538
1470
3405
2100
5695
3642
5890
7885
5785
8289
4680
1823
6372
8174
8449
4188
9641
2238
5310
8912
9990
2432
1372
7467
3086
6450
578
1553
9324
7688
5120
1901
1196
9427
9423
7684
4968
8290
4455
8836
2460
1684
4142
1107
1513
731
3784
439
6294
6558
1143
6234
4277
669
5020
8460
3987
973
8480
9732
727
9377
5429
6054
6227
7725
8204
1373
3802
204
5775
5836
2271
2491
2586
4658
8444
7536
5410
1205
8761
3443
8229
7910
9248
7428
8190
1648
9160
8263
5592
9427
6769
9825
6643
1158
3372
9958
3913
7241
9104
3392
3042
7960
1889
2720
6341
6386
5439
821
6272
8036
1447
9786
2139
4540
5577
323
7708
4658
6619
9001
5473
899
5397
2738
6454
1350
4397
788
6926
6372
127
9828
6341
1991
339
4303
6843
6531
1170
1441
9715
6533
6355
5944
9483
8971
2815
9270
7854
8590
2371
9136
271
7474
5168
6987
4248
8133
9886
5324
8443
6623
2882
9749
7359
4572
4005
3554
3447
6952
7042
2886
1155
4203
7092
5256
6792
3518
4461
8701
9037
2919
5843
1240
4609
6690
3713
9236
2829
3120
3866
6068
1955
2189
2547
9919
8349
2484
9187
3252
9587
7943
7324
5077
887
6386
7253
9681
3078
1969
4903
1202
1049
5701
6100
1449
1488
7864
2001
8096
404
7203
1696
6013
1557
3824
5160
9183
2998
9928
9811
8173
7692
3131
2113
9314
6843
7564
2541
1107
8695
6321
8316
1541
7932
232
4254
9194
5543
966
8620
2164
7936
2655
3669
7196
5277
2716
5556
3551
1445
761
6508
2653
7585
2880
4256
6055
9847
7629
4784
4216
5771
6827
5868
6571
1896
4781
4229
6753
355
8471
4311
1762
5207
8608
6486
9940
9484
9399
5482
2962
4618
5642
9392
2677
7606
3319
7863
7360
3246
2573
9595
2877
3853
8728
7745
6232
2774
8414
1052
8829
685
9823
3676
2927
196
737
2664
1544
4644
1247
1819
1461
1831
6082
8191
8914
2331
4963
9988
5825
441
5300
1250
4065
6439
7453
9084
9798
7444
6556
4360
6668
9893
8590
1324
5784
1084
5294
8865
4705
623
4598
8450
1814
9133
1892
4458
6367
8084
9913
6544
7174
232
3632
2133
3477
4677
789
816
5574
1653
5622
9443
7641
1748
4217
9484
7930
5420
8221
1642
7468
1644
3803
2413
8357
9285
5868
3459
6730
9410
1041
8876
7466
533
6876
3157
9533
7353
7136
3195
4337
1366
2926
1507
3931
8151
1218
3215
1940
2376
5478
7036
2119
5374
4100
9639
3112
1094
4614
603
6452
9415
8462
9062
9605
4400
606
8675
235
7098
5762
838
7920
4775
5960
2338
8180
1976
2811
7291
979
7654
5327
6483
4080
4407
2343
8491
8456
3814
2223
6961
4686
9596
7
3426
1000
2783
3247
4352
738
7123
5453
4643
7905
4586
8183
3529
4752
3549
3471
8054
4535
1709
6199
1683
1862
4436
8391
9781
7204
1201
1752
1799
3101
9681
3728
5628
6618
268
3288
7376
3529
5631
1876
1564
3800
7624
2520
9342
9842
1172
4252
9181
5781
7098
6789
8657
2877
484
9988
704
8303
5913
9519
6917
1481
9543
6541
5212
2905
3653
7014
5877
1059
2351
849
5363
8280
5523
1411
5549
7143
9431
5583
6908
5084
3638
3664
4112
3933
3801
9814
463
2663
9630
300
1504
8703
5546
3065
4573
4658
8793
1328
9388
2720
6300
7637
3462
2449
2295
4948
3289
9897
5340
7322
4421
753
7082
2743
7898
4768
6630
4346
4443
2560
289
2683
4993
4846
4722
2020
2544
6866
1506
8273
563
9943
1234
4640
9554
5714
6962
4886
977
6185
273
2699
5497
6214
1445
6876
4074
603
3517
5699
6081
8996
6099
2596
5199
3791
7010
8141
516
2032
3072
6154
363
2700
280
8032
8934
3253
4153
1222
5160
1614
6775
1474
4580
1705
1605
4502
7168
2617
7557
19
1630
7639
7240
7226
2406
1726
4816
4664
3028
7797
2818
6060
2964
6837
9376
6253
8392
3548
5985
5064
9876
386
5243
4567
9504
3940
1319
7705
845
3745
9735
9355
523
8315
1396
7611
3582
3350
1833
760
610
6694
1495
2525
89
947
8651
3454
4722
7258
3493
1061
5569
3001
6137
5513
6148
711
8826
4893
9364
8219
5241
1005
9370
7690
7050
3655
9060
1579
6072
1273
753
6254
4929
2266
9454
558
5202
9071
1718
4676
7621
8219
9355
9812
5944
505
2609
7557
9810
2912
4671
773
4931
2560
5953
2846
5180
1119
9616
9813
3333
2394
8245
3540
5742
9469
3404
3144
2595
5458
7146
3224
4813
9929
289
6638
2031
2570
4526
5627
6208
8310
1239
2800
4036
3956
8868
6456
4537
3691
7951
6007
9710
9994
3252
2389
2309
6227
545
442
4184
342
8461
4870
928
4229
9646
9139
1682
8400
4345
10
920
6751
4296
423
1096
2333
4632
8034
4008
9512
242
2972
3686
2931
6875
852
2913
6438
8311
3914
7107
7679
4877
2325
4171
2553
6136
9399
6574
4616
1686
5683
9420
8809
9177
3196
1300
1551
1095
2489
5735
8716
9505
1710
1298
1587
8031
1175
4045
9938
2831
2500
27
7230
9246
2934
1570
6980
8578
5389
2143
7014
6865
9385
3953
2252
211
2957
1354
2484
2951
4919
3306
6770
4708
8953
2579
2971
3235
5097
7164
7441
3059
1825
3849
1062
3748
3441
5019
8103
5680
6061
8284
7156
5556
9222
9272
9974
4239
1471
4102
4
8113
7914
7290
8338
1062
8796
825
3302
3723
4817
2754
612
3570
153
4893
2224
8936
9995
7223
8690
9439
7645
2377
2812
4495
5094
1057
1967
932
4254
3446
6028
3595
8624
6800
4246
5559
2307
3931
1078
1066
5135
7933
8812
3113
4604
7898
9412
7281
199
3106
1230
4241
803
7366
6075
4458
4607
452
6023
7671
4916
6866
2272
528
7634
1006
2847
673
3517
1420
6628
6366
9079
5406
9257
9216
841
3485
1248
1874
5144
6379
7915
6888
3353
892
7973
7010
6066
7154
3889
3566
284
3757
3547
9337
2680
5189
5808
5833
9673
9439
2990
9326
2652
4080
2863
4958
8186
7995
9066
2328
9900
7352
9438
6014
4555
4909
6718
1295
2035
404
1807
1960
8056
3252
173
5693
8386
5741
2496
4438
8652
7902
534
669
6697
7685
9245
8823
2082
112
1686
3371
1952
4090
11
6940
6250
8677
9490
597
7059
7472
6886
5903
194
2669
4972
653
3668
8968
1820
7620
6174
6857
6707
598
8067
7618
9495
9062
1841
8307
1986
4392
5557
1912
6689
9647
904
6981
4600
5536
666
885
5010
1528
6648
6770
6660
6785
9087
7740
5768
8921
1875
5907
1718
9252
1801
3894
6135
5676
223
1942
2810
421
8879
7855
6393
32
9216
9892
3260
7481
392
5629
6432
6740
38
4549
7188
3595
9431
6689
8288
9899
323
4054
2230
6815
111
4134
4503
4322
7329
1126
3392
4594
9397
1553
745
5530
2707
274
7706
3406
5943
1589
8868
5680
8663
9079
2619
7669
5247
7115
2296
9390
5164
6340
2543
6926
9451
2206
2398
6299
9117
4073
37
9259
9808
4205
1654
7522
6915
9129
8731
6086
3556
5683
5853
531
194
2690
8135
884
3194
3097
5490
871
1421
6005
3071
8114
4767
6565
7139
683
8241
3610
8898
19
8522
8163
2895
6318
9180
3372
1893
6944
4557
9631
1586
5087
5826
8591
2720
7457
4423
6185
2130
3427
1427
7088
5125
3359
9781
1769
3400
1719
9259
1525
3155
4302
3967
8952
5210
1045
8445
6678
7394
6955
7660
5119
2482
9009
2182
3243
7181
4653
9319
3682
6604
8995
5152
1858
4526
996
602
2024
4812
7697
2339
6515
6195
1264
3643
4641
6070
755
3272
2992
4604
7127
9843
3276
1829
3740
6985
8564
7593
9565
1131
4865
9056
3405
6061
4362
2691
58
4786
1552
5039
1345
8825
4972
8781
6515
8104
9204
1927
7398
4771
9212
2759
430
8904
9669
8763
9475
5132
5922
1140
4227
9344
1922
7409
5882
4175
760
3315
9227
9209
7951
5759
5565
2270
5852
3388
3763
960
8060
7787
4033
8242
