2415
6956
3815
4138
3314
6243
4116
3931
4567
8103
2928
7859
1111
1714
6263
203
1753
5557
2159
4501
4914
4204
2879
5973
8187
4207
3326
31
7072
7166
7179
7861
8090
8761
5638
9010
1860
7875
2459
6910
2343
4351
3096
589
4571
9440
1569
6195
1071
410
3306
455
9776
8071
6428
306
516
7481
3950
8597
4878
2006
6914
7306
6715
6599
7911
4008
2450
5020
2068
3999
1866
5338
9341
5823
4227
7092
3742
9856
4881
3695
8057
4069
8115
6415
9702
7515
564
3949
8484
4607
8840
5759
253
4213
5545
2175
4314
9497
4488
1579
4973
508
2204
9305
3363
5216
6736
5080
648
8318
2024
182
3533
9776
1255
6664
9661
6737
2898
9809
4611
9811
5589
4769
5223
1072
8344
6650
7245
7862
2777
404
7833
1015
8723
7988
3587
4111
7557
1433
2667
9969
8005
6083
9689
5097
5936
4590
6116
3509
713
3436
9527
9780
8944
7491
3098
3798
2369
1194
1532
1739
3188
8420
5735
2284
3473
5200
6557
3975
3717
3279
3575
672
3887
4760
7720
1479
5009
3581
4157
6055
7279
8630
2902
5062
6107
790
4647
1544
7956
1708
7246
5450
772
1081
375
8751
9663
4319
8849
5791
8324
2219
7738
6960
3970
4616
3502
2223
4077
9873
6212
2795
4505
650
614
3067
6682
9517
9756
8473
7992
5072
5212
2695
5382
7367
3801
4444
7612
2453
6517
2298
8095
8047
9671
7264
2930
9682
2765
2641
6171
7417
6676
7286
9393
4101
4024
8669
8953
1189
4765
6559
1030
7824
148
8967
1750
1855
3099
8651
4744
4228
9298
5776
3518
6093
451
9615
5746
6971
9475
2323
7241
4808
6648
7039
1201
2751
1226
3341
1544
7192
1197
7206
5260
5371
5899
4440
9745
6409
8967
9916
1143
8403
5243
3874
5187
2789
4896
7912
2185
2991
3683
7598
1207
5663
9811
2126
8444
7943
7861
6677
2663
8120
2917
6065
7426
4650
2506
3204
1683
2457
7697
6998
8571
6285
9957
6838
8432
7376
9628
7733
8788
8007
1503
2689
6466
321
6639
8487
8088
322
9333
5309
1467
9612
4628
9277
9232
1638
7023
3062
9995
6774
6198
4472
4346
4308
1849
2620
311
6249
13
3147
805
8823
3608
3291
2906
4492
8004
8252
7865
2614
4323
4591
367
1441
783
9733
516
8005
9955
1766
3534
5478
2005
7647
5592
7164
9942
2997
4993
5910
2232
1508
2325
6334
9766
3977
7056
7607
2783
7838
9205
5778
5584
3334
6140
3036
6677
7855
6323
6524
78
225
4402
1779
4180
7972
8796
5834
3960
640
4565
240
3703
8206
5760
688
5371
1464
529
188
6947
2712
3789
9805
5436
3425
9106
8768
4492
2504
5886
268
671
433
3646
7419
3758
4095
119
4939
90
4415
2624
8221
4872
7317
8515
7936
976
464
5250
9024
6755
5201
3349
4557
8165
9637
9240
803
7140
1608
5254
8340
6213
9197
788
9834
2643
8468
8379
7291
6230
8594
2052
7721
967
7138
3143
7044
9842
8916
1444
798
5220
1968
6694
313
6852
3416
6111
4819
2479
7695
7189
194
7275
5554
1514
5796
6468
5248
6606
744
9131
8582
4341
8346
1002
692
5070
5101
5628
7409
4875
2124
6087
312
2577
197
8899
9676
5578
8351
3928
1491
914
2159
1045
7499
1397
3690
8308
2324
7269
5605
2088
6288
1186
7155
873
3451
3935
7756
9557
9476
4153
9377
2103
3193
6327
4457
3921
4711
8792
2932
2133
7154
1316
5095
8383
8507
4914
8158
5655
6822
3309
7140
8601
9288
5127
6629
9606
7956
5297
3715
6398
7184
6418
8366
6544
3175
8492
1188
777
9286
4187
6024
5154
8401
7111
8551
3620
96
7057
9239
8400
5817
8149
8796
4700
5432
9842
614
6817
3514
7870
8519
9379
6961
4828
9731
9077
1329
8610
9813
663
9782
5865
258
9498
4920
1493
1992
4755
1472
6513
8694
2541
7934
1684
2349
701
4742
7251
4456
9197
1071
5842
7555
5945
9278
2962
2522
5070
7242
2945
5139
912
7104
3986
5889
8371
4336
3734
5816
8545
1786
6109
8187
9109
9907
8334
205
7724
3435
4722
2775
7893
2214
6967
54
2421
8706
832
9201
1778
6888
7091
6920
9392
3209
7879
725
4939
4017
4637
9108
4761
2780
5753
6348
4164
9375
2397
3387
156
586
4598
2985
579
205
5324
6311
9926
316
5258
2320
3004
34
1805
4844
6631
2146
5567
4517
8892
9317
8239
1151
2433
179
3316
2795
691
2489
3488
9843
5190
2340
2422
980
3803
8122
8946
1392
1795
2080
6306
7273
8868
2042
4468
1721
342
5169
4372
2700
7804
514
211
2832
581
9663
7852
8039
612
8208
8864
5273
3884
4119
6533
9114
9104
5682
5871
6032
7013
1708
4983
3218
988
4989
6379
6459
5478
6785
6728
2037
6609
7838
2003
9163
3657
9242
4692
3442
4315
8075
194
7149
1763
7846
2595
2798
4891
7938
8530
8023
9221
2538
8599
4553
2358
4359
7084
45
5222
9860
6117
70
4936
9285
707
5956
7296
8407
7960
1627
7603
1776
6131
8704
3595
3842
6576
1554
2474
4556
2646
6195
2180
6918
7082
3466
8069
7837
3543
6991
5535
4953
2899
4274
5624
2543
7382
4553
2809
2094
9590
59
6834
7088
5759
4573
4025
9969
7851
4266
8740
9048
2956
923
4012
6008
1839
9610
9656
6265
2558
312
7470
4417
839
9863
1259
4014
6120
7763
1502
6035
3515
4505
417
9431
1881
4515
2606
3054
3167
8635
4515
8463
5422
7186
4799
1601
6958
9114
2089
5581
1158
1503
4434
1502
1462
1277
9909
9097
7820
7821
5913
8374
4250
949
8424
815
935
3969
5067
1104
1184
7345
8382
7058
1714
4427
5824
289
8722
8964
6764
209
2691
1489
9251
8730
4687
3406
5433
5642
1836
7670
9240
6464
7432
6298
9132
4116
9865
7580
4907
369
1496
8847
4963
9034
9809
9348
4718
3980
1620
1716
7142
7719
1576
7752
245
1147
479
2009
7792
693
6855
7211
1132
5000
2904
9375
2185
8682
8105
7590
8129
3110
7387
8669
6701
6743
1068
4929
9337
9620
4563
2778
1524
8031
4815
7441
1689
4462
2383
6125
3041
8485
7661
1636
5832
5970
5670
3659
2290
8412
5111
5229
9269
8751
8684
9780
8176
7774
9767
2444
2115
1879
9112
4773
4666
375
8532
3410
6828
4882
454
1966
1352
2383
2505
7118
2458
4450
6659
8385
1913
5187
297
5377
9253
2431
4226
3107
7713
1913
835
1660
1380
8676
6049
4217
2177
2995
9346
5738
4379
7730
9281
3459
2892
1530
738
3376
2687
1408
6395
1582
72
2089
2159
5653
9076
5366
8947
9347
7092
9413
687
2497
8432
9348
4785
473
1466
5483
3039
8893
3061
4567
9821
9969
5920
9745
5602
4316
4515
5355
2813
9769
1753
5945
2677
6198
8654
3394
7028
5251
7180
9703
7017
1907
3749
6137
3733
8005
6354
1178
4042
504
7615
4748
6583
3363
3660
5598
20
8976
9418
6708
4357
6862
4368
6134
9329
5252
6570
6913
5510
6305
4433
1643
2459
7038
6668
1715
292
7801
7697
2664
8701
5724
7282
2837
360
1309
745
3686
9899
7645
4589
5809
4186
683
6781
5962
8036
6011
2798
2863
7389
935
2038
4464
7073
5667
1415
3217
6749
844
7404
8369
6208
6625
3090
625
7421
8388
9606
4791
8143
2187
1489
6042
9093
807
521
6099
4861
5293
3611
446
3246
8221
3029
1756
2694
4775
167
5731
8969
7350
39
7833
9409
5379
1699
4528
2436
2420
4608
307
7360
6337
4595
9558
1918
7607
3511
5228
7232
1862
7239
7201
7744
4861
6254
5169
3239
3124
5607
2233
1104
2611
5553
6443
1483
334
572
2773
4300
4183
1586
4189
3590
5823
5530
8842
3373
6239
5809
7390
7330
5311
7883
2005
3378
1002
1750
7418
6416
8207
2332
9327
7821
9102
5281
5295
1483
420
2732
6603
306
4354
4151
4565
4513
3340
3049
7570
746
4538
8938
696
4284
5759
7761
9471
9762
5486
4331
1352
5032
6845
1648
2794
4096
8264
2773
9479
5162
8299
5814
1759
8505
6173
8236
1204
2427
7401
5191
6468
9201
1221
4081
2088
4689
6388
7322
8116
4365
9756
790
703
3849
8620
4275
9860
1526
4703
9321
9315
1609
386
4864
2031
5651
8444
7204
5175
391
4908
9065
8735
7441
4812
8110
6601
5497
8321
3118
4017
4266
8039
6816
7568
9727
1034
7401
8538
916
2208
7080
1275
4851
9732
3467
7968
3599
2768
2579
2538
5111
8279
7285
3273
9069
772
3305
8919
1912
238
6704
4382
9774
8830
5458
8151
4646
167
3507
8301
3797
7671
1799
9590
5915
5236
3216
4616
3617
6009
9290
8683
8834
2047
6589
3626
5252
4663
5312
7654
9979
6843
9238
5265
354
8507
4532
8241
1427
1722
4979
595
7321
2304
3185
3640
4364
4273
6807
4139
6100
4747
4015
1193
7137
9343
7213
3361
7278
9674
2935
9950
9501
8559
9602
9530
9280
239
8869
4866
3130
3534
3141
7537
2956
845
3266
6923
3742
6308
6099
4528
7297
9061
6069
863
7630
4281
6269
1384
5891
7202
530
2851
9225
4569
4592
291
6238
3450
987
6535
7245
6118
6598
9535
7082
5166
1304
6942
7184
4651
7280
8413
5672
8655
2895
8452
4583
1873
3255
1802
133
4140
6256
182
3092
6261
4368
4505
4778
9217
9487
2470
4060
3253
5170
2750
8916
6403
5292
4054
1690
271
4625
9565
4660
5841
8683
8516
5585
945
4411
3704
9286
4509
482
8048
9196
842
6332
1083
3446
8971
301
6521
5357
5839
3940
5924
7211
9066
8410
2917
2176
5073
5613
1598
1374
9612
9511
191
9904
8885
3307
7927
4318
3704
1036
2351
9016
6512
5906
9361
8587
4297
8673
1830
5043
1358
3215
3513
1205
1334
2794
1788
4726
6705
8520
4968
7958
4802
7630
461
7304
362
8804
7473
634
1141
6818
3053
2934
5690
1497
6593
6617
1031
7794
3532
4713
4823
2074
6409
4875
110
8799
378
5705
6894
9446
6527
2653
1738
6803
5085
7164
8272
1273
1399
1037
8677
8186
686
6269
2571
9132
8980
7934
3192
9414
7322
9233
3349
8473
783
2219
2472
3938
5071
3358
6996
1208
3069
2488
2224
1318
3313
3063
6156
9493
7584
5488
8356
5883
4970
7562
1545
5990
3752
5025
8967
2361
1826
8191
9494
2666
9144
6525
6577
2318
99
8221
959
1018
6112
8882
5702
3052
4762
627
240
1540
3483
5747
2175
5594
7070
5957
9928
8227
9982
8625
9623
8923
4658
2420
8251
3940
2044
7714
4850
2931
3528
9207
7654
8346
6054
2556
4691
6123
5805
4202
5099
6471
9180
566
9713
270
8663
9070
4967
5149
1374
5886
5199
6991
8847
9
5370
3821
5817
2743
3831
2091
8927
681
2504
5277
5688
8963
463
9230
9707
4559
9994
5025
7061
1489
3997
3709
4974
6945
9436
4973
3260
2477
9354
8223
3291
4539
3028
9625
1901
5784
5655
8060
9961
7456
8693
6679
4766
5930
1729
6434
6427
314
917
4317
9900
9892
3944
169
3699
6514
1150
3781
4674
6798
472
3487
3289
1453
8088
5846
24
4791
2611
6748
3535
8318
2416
7818
3888
2220
6351
5625
9617
7552
3953
9526
6768
73
3327
2644
7030
8289
3433
3176
776
8840
4729
3443
8123
2654
1500
1720
3074
7085
5457
5960
5356
5099
7041
2344
5535
117
3040
1194
3809
8624
2506
7069
5032
5900
3430
4294
1914
2345
9690
7292
4561
7618
5231
4276
1189
2234
4414
9591
1626
9773
8775
1227
3982
1602
2686
2351
3830
6623
4720
67
9122
3491
5843
8859
8443
9329
4420
7227
7183
5778
6799
7533
4910
2540
7575
1781
9898
143
2270
2168
181
3320
4357
8771
1942
6982
4735
2699
5540
6654
5643
3746
6690
9040
4651
3597
16
5372
5239
6711
7713
1982
3267
1805
7231
3216
4791
9640
9856
8559
2140
4103
523
5327
583
1454
8375
6816
6319
1460
5152
2634
4961
9959
8143
400
1832
2585
1117
2302
1469
6429
3134
4684
1422
5538
8245
5740
1584
1645
2413
5969
3513
1274
4775
1972
7984
8047
7088
8455
8758
6459
9800
3545
7778
142
3985
6290
1366
7515
2179
5275
8970
5557
5590
2515
3196
6729
2980
3267
4596
6449
3352
5452
8111
4631
2183
9817
4710
8289
7319
8330
1623
7651
6227
5082
54
8872
6392
3890
8830
2410
3106
7779
7840
6093
7859
7383
8662
4435
5279
1844
968
1612
6847
7816
2599
7423
7792
3855
5071
2416
7587
715
4209
5686
9786
5620
2966
6373
6460
8075
9303
2266
1167
6769
417
1514
357
4919
8749
3366
6989
1479
3458
5710
2255
990
3664
6689
436
8711
2330
5040
1211
9342
8311
2350
5198
5824
8290
1377
9295
6502
8962
3803
7254
840
279
7649
5136
9180
1840
6685
4270
4725
1464
3190
9925
6036
1539
7586
3335
5377
9173
2118
9665
4658
5774
9999
7956
7994
3772
5524
1981
5218
6833
1960
1462
5032
9695
688
4567
331
6978
3148
475
5026
4074
5619
1528
4788
8295
2919
8956
2644
7755
9489
5950
214
880
7563
2536
6444
4788
1009
2391
5494
2620
8505
7794
5272
6778
5437
7480
8825
1681
5712
927
1848
8037
3606
9337
6930
249
8713
5262
6883
2254
9257
1385
6036
2651
9622
6201
5414
7837
2016
9368
8902
7996
4996
4493
5772
5626
5175
2740
9429
7348
2318
7918
1397
7430
3226
7635
3830
961
5571
1458
5004
2142
4954
4024
2239
1297
5290
8877
1273
2555
394
8760
4051
7500
8494
5581
4382
4927
2281
2827
1590
3286
7343
5596
3860
7566
8210
113
6463
8999
1059
3894
3111
9252
4225
3485
4921
3466
3668
4660
7371
1415
9287
9842
6745
2982
4993
1413
7784
9859
6308
5655
1656
5488
2369
9638
9628
1820
9818
9445
8801
2005
2313
6429
7058
1172
7531
8827
8291
6514
4944
9726
9540
5533
5843
2226
7049
2803
5407
3014
5440
3712
6413
405
2729
678
1707
5107
7804
7740
7222
9520
6939
3139
1486
4217
6806
8979
9574
7101
3431
541
6757
5449
7379
418
3736
8735
7630
4663
4062
5220
9198
1883
6436
8650
2958
5732
6527
1710
1166
9814
6685
7257
728
7478
8857
9707
6444
2742
4496
2755
9374
4066
9802
9920
5469
691
5332
7299
9836
7105
972
7317
8398
6322
8420
4012
9086
7003
115
3660
290
9758
8911
546
1906
6151
990
8667
4709
642
103
7741
740
6029
4612
8694
1813
7229
8400
267
2733
7718
3137
3704
6834
9293
5321
4846
9069
1767
2483
3201
8917
5207
208
1717
