8789
2648
1244
6548
654
6671
9525
7044
5828
4180
6122
860
1372
6990
9712
1644
7936
1664
1791
7404
4483
1183
447
9411
5437
1157
1216
5203
9693
7503
3831
9611
4257
3313
30
8232
320
2368
5187
1510
9313
9787
9861
7740
1020
3975
5983
1316
6610
9433
880
3498
3160
8073
9905
141
7964
9343
9522
9253
4707
4378
2545
7915
5639
7853
646
4346
962
5196
9689
9266
4627
7344
4992
4656
3461
2875
4124
8208
8161
4483
5700
2916
3699
1085
5526
4694
1356
3653
2766
1630
2724
2191
9648
305
9007
7117
7092
8747
2571
9358
4238
4580
2964
1143
4535
4790
4217
8199
3904
205
6046
3100
484
4113
2406
8583
2963
6203
4181
5103
560
2105
615
9547
2101
4322
9598
2038
3033
2756
7981
2278
7472
1080
7729
1329
286
2470
6469
7297
3967
4380
272
4420
5809
3075
8566
8030
8885
8593
493
5464
9153
4877
8095
2207
3566
2762
4428
5757
1676
7360
5018
4011
9403
1689
1483
9370
5627
5865
3143
3830
8643
7318
7666
3707
7655
43
9570
1826
8062
7774
5355
1481
6209
5488
6914
5574
9912
1385
9653
2350
3799
7017
1273
7496
20
8442
9707
8495
5708
7878
6348
3216
3926
8786
4449
6179
3101
9264
8451
3123
1583
6197
2878
6397
3121
5651
4497
4766
2784
3009
4526
2191
7328
1423
9543
3689
3967
8336
1058
2091
2433
3433
193
8007
8717
5547
976
4768
7142
922
794
9995
8350
7151
7239
3071
9407
5003
4224
5667
4882
8581
6652
9329
4896
9986
5114
3738
2367
3030
3007
8793
3229
1484
5996
3702
1935
8050
6171
1651
5060
6399
118
37
9676
5051
370
3340
379
8328
7852
5613
6421
3480
3706
9459
702
3851
8272
7797
6659
1998
5226
5578
7111
1485
6721
5602
2441
8424
1815
9037
8649
6957
2611
407
8221
2247
7568
2014
4724
2142
5969
3294
2036
7351
6378
180
6701
3783
7071
3659
7394
6079
4277
7089
9571
99
9821
751
2598
1900
4797
7244
8050
2610
5036
95
7253
4167
4117
2984
8823
5892
1724
7664
465
6169
1057
2791
9174
5512
245
5993
2766
7765
6024
1379
1290
9288
7542
2520
1319
790
1238
2383
4412
9815
3203
6845
1817
577
7280
2905
316
5542
2461
122
7061
715
7176
3998
8485
9674
2904
9582
71
9551
9924
3870
1007
5446
539
5810
3679
327
285
5395
7112
2301
8992
287
4383
4628
428
9847
7155
9157
7221
3731
2407
1837
6859
6711
2194
8840
4067
556
6598
1606
1386
5863
157
4275
4243
1227
890
7922
475
1287
9407
5519
1929
8693
2388
7608
3098
4581
1367
8370
1123
6516
8056
2192
9597
9612
3818
8455
3144
2183
3535
1655
6873
4814
6452
6330
5120
6250
6281
5234
4256
3734
4545
4558
7885
9201
3688
5390
1087
5631
1194
1847
4501
1150
5027
635
6290
5706
4104
3214
355
8728
9442
5733
1504
8804
4497
2912
3319
4449
6785
7829
3945
1405
8427
7071
2139
735
2212
453
1862
8238
9632
2740
3730
2191
4937
5414
5663
1612
8837
9635
9559
7942
4006
8606
9806
7701
9205
4919
7550
7764
2329
7249
2812
8118
4021
2006
3358
3810
5416
9902
929
3230
1562
2132
9796
4356
3240
9970
2291
221
9707
9546
3923
7596
4323
9272
9038
9078
4800
3882
4062
3279
3861
8952
5202
2068
4012
5538
4208
9865
5549
4028
4578
3613
4816
5460
8865
3255
2067
560
9851
6697
2350
1902
2735
9415
7814
6728
6322
2834
2105
156
9683
7267
9298
9658
2582
5785
2635
7641
7072
1885
8794
4224
7810
3890
5826
7540
2948
1791
4892
2564
5013
6360
801
519
7763
1686
9363
3622
9322
3855
1521
5806
1077
2313
9306
871
6031
8630
1311
8875
3271
8175
7493
1321
3355
2993
2664
8675
1513
2614
280
9691
7634
5766
9659
3695
9745
5622
8988
1910
1992
2623
9336
4651
2765
7540
2570
3369
8422
4886
8903
7633
8626
2733
6379
4714
6742
4481
7009
9395
3745
5288
8471
9283
9780
3419
8343
3473
9467
2128
7181
4394
7
2368
2665
5257
8019
4330
5773
7525
9743
6533
1825
1176
669
864
2561
2092
7408
4588
3225
2668
6708
8818
3095
7902
2595
1354
6206
2269
9853
7452
9742
2119
1509
2509
2799
1821
2546
2423
278
9018
175
6749
4767
2397
3239
9602
9879
5562
2045
9528
3661
1097
347
4589
1869
8168
4937
7924
8326
9160
5211
7095
5078
1117
6511
600
509
1353
6666
3091
5299
1163
5752
9233
1930
6388
1310
8423
7075
297
2678
3458
14
2937
3200
4472
1519
7355
7833
9622
6836
2100
4997
8129
4457
7920
3136
2332
4643
11
8134
9924
8183
9123
8585
8380
578
9147
9657
863
9735
2287
2995
8149
1002
8158
1497
5864
5479
6704
4890
8773
2883
4686
150
8052
551
7903
9138
620
9628
4028
4819
1886
2810
9193
3904
520
2637
6894
951
6543
9995
6980
8726
1930
5414
8699
6551
949
751
2821
2963
5303
8278
1920
3590
1165
869
5052
1500
6148
6334
4617
2203
9630
9097
7540
9357
2385
6276
5090
3665
6326
533
103
6452
2877
4720
6382
2992
4177
2921
1523
7666
1028
2832
3858
6190
6862
2533
5226
4
3241
3853
7178
4318
3390
6251
297
1083
4714
5577
3827
3825
5641
1896
8287
480
1303
2574
5184
6309
8367
3765
2971
5451
7283
8389
4799
3471
3063
2060
5554
162
386
9026
2726
4636
1860
4387
2356
6005
3750
5159
240
2508
418
2518
3237
9378
6340
2791
6876
3907
8395
2615
8128
2121
6041
6763
7919
8153
2748
6799
9068
5741
6280
6216
9062
1157
396
7908
2925
3268
7302
8835
1958
9123
7526
7027
5852
5817
9198
4588
3678
207
1104
1403
8288
1246
4719
7046
8717
9812
5281
5759
1828
1600
4197
7940
3839
1918
7370
6401
249
6919
5356
4596
1893
3182
752
3242
7397
2459
7363
64
932
9541
3312
1498
7728
473
7776
7114
8070
5088
9227
4914
9116
2984
3488
7453
9100
8928
6952
1424
5835
8992
5331
2675
9125
8399
9233
8010
6652
6423
6487
1681
7554
250
3541
5234
6408
5981
9451
1268
5364
7928
2892
1962
8977
6066
6602
7569
8649
8875
3608
4167
9293
7278
7921
9635
4425
6693
6453
4913
2970
5499
2171
327
7145
775
9534
6194
4197
7458
7346
3446
8632
7543
7574
4478
1379
1672
5524
9077
4271
8435
8338
262
9488
6709
5349
3317
6765
5863
5816
2362
6137
8745
6810
8505
2228
9465
2875
1178
5697
7013
9610
7463
1736
8827
8745
1116
897
5129
4150
9997
2657
4238
4773
1820
3378
1432
9455
9118
9042
4473
1817
2064
6439
2759
9212
9943
3021
3931
1928
2692
4213
4451
4548
607
4023
8250
8882
7208
7182
9487
40
168
9482
12
7225
6739
8792
7245
4463
2031
5747
8653
2485
6543
1174
4411
5483
7328
2566
1310
5795
93
9266
6726
6725
8796
7710
1398
9574
1372
8189
9509
9572
7024
7447
6100
7901
3984
7418
1170
1833
1728
5988
1164
7354
8744
7354
1006
8971
3915
3087
9943
6990
1941
6493
5351
9201
3148
9508
5668
5788
8884
8378
7064
6158
2929
1126
6094
7641
7520
7314
2204
1058
2815
3733
6658
9650
2543
2271
3781
5902
7707
9208
7517
3953
2023
6639
6762
4390
2849
9955
3731
7657
9706
1574
7472
4718
5700
9709
7695
1280
9072
6471
274
3050
3108
5328
1218
9849
2557
257
5729
8076
6939
9991
3876
1123
5855
6097
3815
8207
3853
7629
2419
3332
7263
9516
1445
455
7385
6128
1147
7955
4213
6475
3602
444
2586
787
2882
7388
1122
8070
5280
140
7581
4335
2114
7356
3853
1759
2184
822
5717
3920
6432
661
2094
4457
9520
838
9860
1987
7138
1681
5344
6306
8751
8488
1751
6270
9835
925
6085
8808
4632
1722
4515
4445
9409
2050
4279
3177
9063
5218
4547
9894
6276
6275
419
8184
7348
9370
9650
5782
7980
3876
6117
4831
4616
4243
4895
791
412
2731
6676
1775
7665
9646
4331
1258
2704
70
6650
6773
9217
1454
7789
2051
2484
2423
6010
9570
6000
4120
4978
266
1601
2671
8046
4059
5060
3210
7406
8613
353
8192
5170
9935
4559
8617
6296
5987
6735
1952
9500
2458
6224
6473
8804
3225
1496
6778
3725
4321
7150
4336
5077
991
3082
9139
3045
5791
1142
8205
3977
2793
9903
8511
3609
4703
1308
9139
6327
6717
5605
4708
2499
9069
8192
1911
1462
5289
2702
4267
9071
525
703
4286
4706
5650
676
6663
2100
4778
9805
7737
4535
5370
7190
3347
96
2176
2635
9740
1344
1717
8428
9692
5235
3219
7468
171
8417
4082
452
7714
9425
9316
9127
1173
1593
2531
6956
5474
2271
4089
1512
7799
2588
9869
987
4157
4265
5864
9345
6604
2381
2740
8220
7397
1017
7054
5006
4755
7649
9672
5192
9720
6426
2911
5308
4674
5301
8703
1478
469
2755
8033
1280
3312
2418
2113
8413
9864
1741
5402
5849
4695
1037
4090
7648
6556
8745
9306
7395
4606
8495
7505
2580
2853
5901
4217
4224
1280
4382
1043
2351
4696
7762
8031
6405
4989
2197
3677
5255
7659
3381
8146
8533
1021
8833
9406
8787
7407
10
7568
6546
303
2460
7361
9716
4650
7373
4093
6966
1653
5180
2546
1890
120
3837
3488
2085
1640
2102
1065
9634
6924
6364
6156
3286
3610
6239
7778
5680
2976
8953
2361
9952
8763
3735
7361
8620
7071
5931
9184
831
5548
7378
4698
6326
2951
6195
1692
6124
3625
7360
7131
5703
4405
2314
3428
912
4622
1124
3161
3241
8689
4784
8690
8280
3858
9159
1974
4719
1198
1050
4720
8359
8649
4439
3772
6755
8843
6697
7690
9231
9417
2393
6651
901
9182
9577
8933
9667
6009
2464
5943
8598
6993
6455
6856
7116
446
8934
1763
8491
5938
5889
9275
9792
2821
5922
5586
9588
4039
1594
6132
6634
3138
6650
7940
2861
763
4980
7484
9736
7941
5938
3190
4028
643
6390
4799
9062
1457
1076
3696
9512
8549
3024
860
2030
6825
1178
3714
8265
4051
8828
741
6273
9851
7340
4332
802
2992
6476
7631
1723
4870
1243
638
1255
2099
6582
2406
6578
8914
7577
3131
9307
2939
3254
6812
9549
7771
2847
1352
9682
2529
7358
7174
1001
649
3435
3515
2939
5336
2913
7997
8806
3896
9665
833
3908
6902
1613
7881
7282
201
206
2577
2442
4983
2168
4397
1179
7078
7152
4043
3192
4166
2335
5251
5291
4546
9084
229
9959
8399
6526
6039
8131
9424
2137
4081
7552
7615
8312
8508
9474
6639
6982
7524
9712
2880
955
7905
9099
3684
4423
8191
8169
5397
4855
7240
5910
5008
8678
6627
3971
9832
6759
9081
6331
433
331
1648
7185
9920
5745
8356
3862
7344
1876
6933
136
9545
4026
6711
5201
3048
4324
9345
7441
3286
188
8845
4660
1054
9169
7990
3911
1755
7920
2828
3919
6803
2511
7198
1485
6128
5974
7909
9712
7492
6333
5856
1078
828
2172
1085
5265
3507
8923
7725
6665
5950
4991
1336
1252
8503
2594
5406
2272
3977
6302
6702
6495
4566
9275
9539
8819
8626
3007
6711
8006
1628
7837
8930
4861
2881
9148
6531
4363
8963
4154
2923
1747
5766
8150
6563
9517
1307
7353
2574
482
3961
9924
2360
3476
515
8751
8598
2181
5050
330
3281
6083
101
8778
4383
5383
4863
4491
407
900
6522
485
4183
7257
954
2607
4481
4347
8216
4580
5294
5455
9306
9304
388
47
1473
65
4380
7651
5819
806
1666
7057
1077
2731
8663
4419
5535
3139
174
5877
4851
7796
1065
3452
1323
7784
2871
8213
5686
851
9150
2285
5278
8997
5876
6576
9089
5109
133
3480
9987
6312
102
9725
9551
6319
5104
8433
8679
83
3277
5493
7136
4950
3375
182
4932
1073
9747
6042
192
8570
3733
8379
3795
465
2160
5611
5303
7825
9456
473
8651
578
8338
5039
2563
2895
5592
680
6531
9818
8832
602
2147
3128
9791
7242
1034
4628
5102
636
7822
4876
6155
3652
9155
7089
7844
6963
1541
9800
8693
5108
4861
3953
9682
7875
5984
438
7988
2740
2868
7838
9188
7425
8368
875
4191
3988
8688
4380
4166
641
8788
4176
5685
4754
2505
1980
4423
2982
4617
2977
5389
4965
1309
6627
5421
2103
3477
8025
3876
2504
4833
9482
3427
8747
6480
9751
7090
4145
2137
7793
1588
6734
5530
8397
6387
7047
1299
6601
4998
1222
2369
5895
7147
302
6146
2344
4073
9845
783
1100
5755
2560
5572
7043
4688
190
9291
718
3979
6461
1942
4199
961
148
9534
6471
2606
7532
7205
9764
2224
3653
6001
4964
697
9771
8434
688
522
4565
5806
5829
5769
3023
1257
892
4926
2546
9734
2513
9582
8869
7448
9253
1602
8617
3752
1232
6622
7950
9400
9608
4132
9884
8207
2208
9021
2383
1821
6406
51
1200
5627
4691
5203
5562
8367
9141
3055
3063
663
9718
800
4563
3329
9353
6465
3335
9624
9672
4153
9358
2755
9222
7092
8969
9886
9917
4805
5346
5981
5092
7916
162
4540
1292
6899
1770
4641
1195
1769
7920
7869
2759
8049
4166
9940
9541
2368
2469
4243
2533
1117
4464
6178
3998
6904
144
2352
5238
9682
4601
1729
7831
3325
9872
5813
15
416
3980
7271
7145
8263
748
6743
2248
7631
2002
6398
4817
5419
7467
1317
1331
949
3272
9555
3918
2147
5613
9886
853
5257
8174
7128
1033
5607
8298
8076
2215
4013
1466
2374
7873
41
3753
2118
95
9196
1709
7138
4225
8908
7907
8548
2277
5730
7686
3454
9515
7339
5148
8026
4405
8099
49
3010
7763
1929
3888
1835
3762
1218
339
1361
6889
3337
6439
5425
3496
330
8015
4305
7230
4100
1761
5094
5936
8767
1349
9803
6297
3927
6121
4926
1
4180
3921
7407
724
6658
5039
6536
5167
9904
1901
1268
6420
6791
3271
8621
9105
5405
3914
6810
551
7279
5129
5575
910
8773
615
4721
4833
8574
9975
2410
2088
6880
6884
3202
8905
7140
1446
5852
4831
9762
525
8990
5255
2692
6045
6935
4478
5673
2530
6038
2480
5986
7863
6099
2931
7376
5684
2676
419
229
5336
9830
9532
2450
6289
2788
1261
3341
3627
2848
8449
9834
6823
898
3444
2635
7212
3299
8089
6479
4786
8545
9621
1400
4099
7812
9019
4241
3340
3063
2223
280
742
4239
2020
56
966
4644
7734
373
5118
5935
501
9710
987
6307
1121
3739
8829
4224
3904
3916
8092
5228
1677
9646
6155
2546
5833
4067
6873
4101
6367
1248
9638
5432
8267
7056
350
5256
5875
9681
6308
8998
8622
8173
4510
9513
6766
7504
5004
6392
4905
9310
8248
2391
8831
7225
4993
869
9345
2839
6323
1124
9579
9382
3377
8416
2222
268
3304
4268
2199
5191
8247
4954
8458
5004
6115
4607
5839
2831
4821
38
497
8865
7950
4443
4334
8161
4895
8372
2330
4147
1051
4867
9876
9062
1358
8561
9319
1317
4806
6136
9279
7397
5853
4476
4127
6154
7885
6277
2501
9279
4258
1996
3265
6860
1996
8031
5335
2683
1972
398
6143
8725
122
9127
1386
7279
8893
5632
7518
22
5567
4737
8345
9840
7815
808
37
7316
5547
3748
6709
6183
5413
2559
3166
3962
5401
5410
1475
5622
8077
4411
5360
6357
8569
9151
6302
1194
3062
4837
1395
3675
2789
342
861
985
6691
9990
3500
3745
1133
2309
5671
5315
7571
2633
1619
473
6157
5173
4190
1929
2728
6606
6821
9213
4991
7371
6347
5160
4935
5070
5253
6302
5758
3637
5249
3828
5350
2586
4217
5058
5318
8383
6279
6616
4791
2705
7153
6926
762
9618
4852
4177
3271
8054
5264
9018
4694
727
9091
9036
2364
8493
6491
4319
9021
7985
6173
101
8237
5483
9117
3271
9038
9275
3357
5160
4606
4008
4110
7138
5557
1954
7244
9717
1810
1590
4948
2910
1556
4755
6684
2737
1293
6185
4423
6804
5639
7303
8325
4587
9688
1059
9495
7614
931
5780
7169
1640
4313
314
3025
2046
8984
2188
1857
1621
3164
3956
4183
4932
9962
8510
5302
4681
7951
1775
798
8028
7449
6347
2283
8484
9244
852
6246
462
7745
8129
8998
8479
2314
4593
3508
2366
2811
3835
945
2350
5509
1252
9069
4777
3192
9469
5744
7794
5990
5239
4002
2989
7397
8697
5168
3492
674
5698
5062
8445
1259
699
3683
4917
8704
1627
9300
7230
4732
4747
4572
5794
7208
8996
2726
5365
2450
5446
402
1980
8863
3033
1647
4936
3251
4617
9063
5706
4279
3155
9662
7212
5410
1405
7223
2911
8164
8971
9929
276
3480
3736
9908
6017
9899
2376
9077
2563
9904
3846
2477
9856
4165
2034
9332
478
4298
1316
1141
4945
1238
1419
7692
9015
3650
342
1968
4740
756
1783
3153
7372
9355
2536
1341
8102
6154
2564
767
2795
5654
8512
6420
336
2201
761
2849
1301
7383
9105
6379
7587
8878
9397
6826
2129
5634
6776
5645
3775
691
6388
1123
4695
320
7253
1344
9721
6922
9614
4638
6183
7670
5800
2592
5345
3675
311
5842
2819
4786
834
6578
9133
6963
47
1765
706
5539
4025
4266
5942
5663
4883
8662
5460
5602
7848
9390
5785
9287
873
9044
9277
9751
128
6250
5172
8178
7212
9512
3821
1722
4860
8352
9093
6427
8383
6119
7018
9525
5178
2062
7597
2312
7209
2204
5945
5095
7494
9842
8197
7145
8234
8094
1504
3720
2746
7169
1029
7841
5730
5318
7808
3129
1053
4076
3396
5407
2729
9480
7418
9501
5962
3
4349
709
717
8323
5474
7386
2675
9837
6259
3976
4879
717
2188
4298
2237
2826
856
8363
4054
256
9453
4575
8743
7171
9717
4495
2237
5726
1865
4951
5457
448
5537
1584
5159
3082
7314
647
3682
9980
6097
3398
2598
252
4945
4661
2432
8794
5329
4251
7540
7839
8515
4232
1817
4486
6097
8633
9299
3497
7895
7604
3565
9884
1458
9119
4054
9878
665
7022
3714
9807
5150
6221
7146
7483
8255
807
2309
1391
2243
3310
3925
7635
8296
4161
3426
3254
3534
1032
5417
2328
8735
4722
5354
978
2667
4561
801
4338
3475
4866
2113
7811
6117
7890
2008
1548
246
546
1146
9754
1205
3822
2741
2426
9612
9363
9123
2269
5634
1150
6450
7767
5192
5141
2978
5589
9350
5890
6833
5946
2663
1678
9018
3936
1183
3956
4837
2724
402
8300
980
2533
9973
5397
6101
2835
7966
9244
8041
7065
3127
3167
3496
8152
1521
2619
1336
8544
8041
1237
5518
9956
8627
5947
5640
6981
7848
2246
8525
1614
890
9834
4186
6482
1484
9650
4188
7179
2654
5038
7344
465
9063
3737
1794
4241
1162
3950
4393
110
3973
1371
1824
4561
1076
9994
3838
7154
9791
5264
9687
3506
3145
6181
7979
1357
1159
4143
6364
7382
8091
1619
73
6081
1989
450
7371
2581
8121
9008
4396
1663
786
5187
9164
8839
1799
4505
5159
6082
175
6119
4386
9491
4088
3485
7432
1271
2455
4576
1623
8883
4402
1968
3299
5405
9066
7027
8548
1760
4588
8861
4473
1224
8241
8639
9189
2458
4169
7965
3888
4216
2966
3322
3634
7057
9378
8169
4579
1174
9724
2727
3231
8390
178
9017
189
1398
5425
3340
5394
6272
3334
4356
4807
1018
7477
4501
3618
3236
182
5216
2405
1730
921
5413
9773
8129
7688
6262
2262
8985
7366
8542
4576
8741
7189
4518
3325
4272
681
5536
6963
7086
8215
2757
7987
6164
2734
7630
481
4100
8149
3587
7285
4487
5873
3242
2342
3066
7875
5280
2930
7794
4707
2024
291
4099
5023
796
860
5808
4484
8788
3461
3577
9061
4523
2483
570
691
5276
149
2025
9356
8590
2236
5935
1127
5958
5168
8381
7446
3656
4880
4374
7588
2141
7941
7804
656
1774
3181
4908
2175
5159
4765
8149
2407
517
3223
9369
514
8359
9619
8593
8982
9461
9856
5579
6570
2170
732
3192
7660
604
5438
8092
756
6300
7198
5137
1938
8123
2388
3826
9201
6324
8129
9623
4861
3543
2435
1832
9758
1545
2142
4195
1741
3484
6976
1327
8111
5414
5228
4416
5001
5534
4318
457
2669
1483
4312
8635
4411
8268
6675
4333
2049
9720
7564
9672
9770
8777
2204
9055
3461
9378
1112
1319
1764
5277
5534
609
616
3337
6650
8635
4308
7078
7692
5878
4835
9662
2177
2942
4373
6001
1031
1998
9857
5047
1922
5121
568
7173
8302
7835
5722
2239
8706
2429
8993
486
5149
7578
8946
7225
1480
9937
6283
4805
1959
3069
5306
7643
9466
2556
206
7770
894
4382
3512
6616
9833
8792
8854
8537
292
1051
5717
7438
8960
7781
8017
7792
3356
6396
4543
2530
2378
5256
5445
5475
1469
5861
2393
7749
7865
3915
3684
9822
6899
5142
5505
5147
5371
6564
566
9540
1872
5732
8573
7675
7534
4723
6455
2890
6339
411
9015
8321
2870
4249
1995
9357
4129
5675
2887
2278
3392
8378
1156
3493
8621
5386
4382
3706
4477
1832
6440
5408
1614
5142
685
4251
7484
7374
1800
6838
9475
6248
7477
7217
404
189
3585
8291
3053
9248
8118
2107
2504
3709
160
2605
1014
2413
2727
3922
7665
798
4317
7622
2940
1019
1696
8865
1226
1269
7173
6535
8873
7983
6529
2518
4775
2149
1740
7261
5863
3064
7712
635
1520
8774
402
2206
3112
646
1074
4237
5176
5662
3820
2495
8843
3591
5710
7486
2149
9022
7870
8691
2601
2313
8434
2664
2099
3784
5835
4270
2140
9022
4943
271
1960
2744
3253
1659
194
6465
7222
3254
5485
4236
7614
5064
2046
7023
8132
4108
9403
657
3312
9089
2256
397
6075
4503
3423
8908
1746
2613
9192
8466
9252
2460
8704
4525
1751
7375
9775
5083
7587
9820
4977
1487
7129
4906
5631
5179
910
8311
7584
3956
3148
3209
5138
5748
3149
828
3962
1620
186
8239
9133
1179
9482
5257
6022
5211
7804
3268
4665
224
3083
1280
2071
4190
4507
3859
5827
5017
9365
5062
5369
6047
1576
9114
4436
4912
3065
746
2588
30
1714
3226
7983
6493
1136
895
3459
6736
1534
4471
5723
8324
7498
3040
9209
8661
7001
2653
1081
6339
4466
6843
4733
2902
4468
4070
668
184
6744
746
1319
7571
2672
2688
4599
7398
5571
1801
5792
1032
4409
8234
9555
6966
9481
3300
2118
1987
6678
7208
7375
981
9595
6720
1719
9625
7203
7550
1114
4706
3899
3133
5605
7516
3785
5454
5304
4759
4220
7767
9965
6321
7630
7710
2025
2060
3328
6227
194
7578
482
8252
9849
7181
5411
3111
3248
4389
8639
8168
1011
3426
2689
722
7740
6322
998
1259
1893
9333
5323
9619
3301
321
8262
5970
3502
5250
520
7213
7575
9765
187
5822
2198
4071
2758
1350
8813
1304
2383
5899
8426
9789
4530
7434
8067
5179
7255
11
1088
2806
5056
4564
49
6989
968
4806
7751
1119
8458
4665
2443
4956
9104
8333
9996
3982
894
4929
9846
939
931
8755
5372
9123
8069
7123
5881
9777
9373
3501
3339
4105
1113
2568
6849
2153
1049
976
4798
1968
5337
5560
413
9930
5129
2521
6690
6297
88
1508
1096
2407
183
1845
5955
9374
4126
552
1058
7054
5289
6953
5199
5021
8567
7372
5703
1340
1059
4560
3298
5267
1484
7035
9173
9578
5159
503
6630
4747
3524
5508
1133
9130
3316
7338
5247
3759
9900
4879
8057
1638
805
8021
2095
2732
8593
7877
6883
1084
4422
4339
7113
5479
336
6489
2939
9859
2634
863
100
1598
4946
3865
1071
9641
8195
7954
4691
4873
7619
7852
7372
7320
7490
4132
6146
7470
593
3749
6922
1107
5792
4798
8281
4749
4742
559
2779
5269
997
5036
1641
4258
1111
3658
3942
5283
9147
6154
3455
9532
6739
6613
9440
3142
9733
7123
8888
2976
6950
8298
5401
497
9050
9439
2062
4022
8425
6566
2578
7127
5997
8691
3330
9404
5338
1221
4390
9836
7617
2657
7640
9253
6852
5809
4177
5650
405
6365
8020
4415
3091
7976
8490
5690
8973
7039
5991
9498
2635
4108
8633
406
8991
3740
8460
1960
5452
8972
6480
7660
7566
2785
1789
1866
1892
1350
936
8096
3721
9592
5924
8246
5862
5094
6119
9390
529
1494
6626
5986
4634
3732
9863
9434
2659
9384
3942
5742
3388
88
844
9433
6495
5935
6937
8481
7636
8697
2131
3891
7911
1906
5011
2904
9420
3106
2707
242
8881
7480
7395
8806
1749
9310
5322
2462
1026
4192
4131
7614
4146
7594
1995
100
9372
9915
7137
3554
9829
2024
7770
2804
9717
1743
9840
1638
5212
6874
3368
3372
603
3575
345
6492
4032
8336
3603
2022
125
4326
4652
5450
8652
4342
3072
4960
8813
7233
2440
6399
1899
9275
1496
8247
5545
2018
4568
1258
3977
5600
574
1668
6039
3230
2030
9430
9206
60
3118
7975
9747
9981
8944
9038
4549
9221
83
197
2285
763
2448
711
3986
9710
6341
5122
1572
7434
6617
7503
7581
6625
4795
5936
8466
784
6240
3746
4286
8663
9141
9274
6413
9214
2789
5194
5325
4981
498
9107
3108
685
8639
1880
704
3432
4538
5511
644
6912
4171
4982
1937
7757
9543
8290
8244
1296
2577
619
2937
5217
3370
1436
5685
5349
2451
5330
3568
2103
216
5553
3095
6454
439
7027
8825
5792
5562
2
4477
4516
2277
9690
4676
5432
6281
9918
1736
3025
1884
7824
2076
7317
4201
2920
3642
8286
4942
4102
9750
9997
6882
6893
1103
7579
551
1479
9959
8151
587
9600
3309
4267
3827
3405
9302
2676
3005
980
587
8513
397
1765
1164
6032
1659
4835
2739
7456
5672
2413
2019
142
6837
2278
2471
6179
8317
4859
8416
2396
290
2143
3439
6240
6483
1597
2174
2415
5259
6019
7201
4991
326
9330
1980
7196
3285
1825
8872
5163
4158
6162
1489
4436
6263
5093
9324
5641
150
2122
5536
7768
5614
1713
2970
1210
1813
982
5562
6816
3394
1545
9791
697
8416
168
7816
331
1010
4146
6241
2105
7839
1681
8686
4963
4432
5247
1190
2888
1330
896
1464
6126
7721
5813
6074
7883
6298
3160
8876
4984
1168
5237
5179
1376
8790
2331
2363
1912
3733
2550
348
6902
2027
7867
3464
429
8850
614
2173
3322
2010
9359
4512
2906
7892
9365
6137
5374
5465
4892
7239
3927
8780
2058
8871
2300
9041
5737
2033
6575
4480
146
8424
7140
3952
8414
9560
1789
9453
7030
9085
8227
3261
2684
6992
37
6535
5107
9368
3478
1262
9967
9064
1598
3701
4603
5119
3152
1935
8336
8151
4129
1096
3911
2385
4288
4651
5719
1666
5471
5390
7417
4221
5021
4953
1650
3369
2422
8121
2586
2531
9609
5172
3084
2703
2122
7096
4501
9724
3882
4131
8330
6503
9079
7308
2664
2127
4647
851
8234
7601
6381
6909
960
4592
2024
9427
5931
5720
2516
4924
1789
5028
5528
1028
3450
120
3258
7451
6891
6412
3079
2542
6696
7803
2898
7010
8026
8706
7719
5544
3571
7164
8542
9928
4748
994
8636
5059
883
2995
3156
9969
9207
9100
1064
9574
8364
8841
7432
519
9230
6139
5482
2532
6346
2204
6529
7621
2193
5523
9916
8143
8309
1760
7957
3205
1238
5056
5135
8023
8454
7265
681
5388
3955
663
3015
4322
8128
7714
5064
1451
5486
6141
6411
1503
4056
1705
4876
5903
3764
9242
8681
6619
8380
6207
8909
6628
479
5200
5876
4325
8025
276
7972
3637
259
3161
354
5067
6099
1803
6595
2863
501
1540
6705
9090
1265
2352
7344
9183
2566
8389
3381
6230
2779
1153
4476
4271
8346
7553
6382
4
4792
8043
6387
6034
2144
9195
507
1202
2493
3872
4841
2264
842
3270
8766
901
6164
6373
2901
479
6546
8614
5069
2489
2604
6821
6307
9916
2793
3811
1638
4830
2580
40
9554
5959
6730
638
5779
3444
9003
2374
1029
1519
7308
789
47
9124
4795
5821
9971
5375
4710
1123
7891
662
1363
2423
5643
8202
7098
2555
5016
300
5828
1620
4839
94
9177
5579
4285
7222
7685
5612
8862
9749
5379
5729
6636
4310
2784
4830
6457
398
6792
3745
3156
8440
2990
265
8414
8054
4196
6332
1108
6528
9836
6667
1652
6570
4977
9298
780
3676
9135
4732
9345
9196
8495
6819
6991
343
3287
4543
105
6549
8695
1691
4023
662
1187
4391
7276
7529
5632
4911
946
4950
4380
3309
5726
365
5287
6145
6515
5054
3441
6113
3938
91
3744
8207
6057
5330
370
4777
7368
2712
8694
1000
8478
5022
6350
2599
5579
3279
9433
6240
938
6533
9126
8514
7677
1713
1437
8425
3360
6823
3114
6874
9888
1150
1242
53
6771
939
6242
6946
2727
6104
9517
2414
4842
495
7999
6048
8050
596
2273
8753
9610
7141
5903
5817
254
7350
4694
7055
3737
1934
47
7044
3700
2145
7079
2925
4903
9105
7095
4687
6899
779
6958
4671
2186
1524
5830
4529
6205
491
6139
5846
1958
522
1956
8591
7368
5131
605
5416
1610
3107
7722
9347
5411
8693
7671
7225
6257
3856
4721
928
4385
1430
2987
5136
2485
4853
1611
4010
4839
3966
1106
8171
3316
4674
4630
3787
8333
3183
1451
4779
3890
3162
9874
216
4855
4449
1949
8336
8301
6941
9409
8035
4401
6616
9230
931
7620
972
7986
9152
6947
3443
5427
8782
8986
512
1061
4852
5102
9637
5958
7971
3876
152
1668
9973
4634
6518
5943
1081
5492
2527
4364
766
2560
8858
3475
1279
5482
5093
5625
3701
9130
2140
508
9440
3121
1827
356
3293
1279
3493
6874
5473
9491
9704
4413
4045
4568
4505
7235
2496
1858
7076
8260
6404
5603
677
6210
3137
1626
2410
4435
9215
3547
5804
9532
9867
6932
5348
6827
1592
7814
8545
657
1214
4336
9116
3023
7360
5680
4461
616
5968
1561
3309
8369
457
5995
7841
5301
5408
6184
8023
359
1038
1194
4072
8003
299
2006
6088
7868
1694
138
518
7056
7544
9613
805
3631
9471
4636
8619
4167
9594
3777
2885
2460
1592
2809
7440
3291
4602
245
434
8175
8206
8734
4777
5471
1049
9333
1947
6399
8403
5816
1286
7459
659
6745
8531
1404
9080
2243
9698
7493
6616
440
3587
3495
4962
4780
1858
7936
9162
7557
1021
744
4478
1654
6084
9859
1138
4418
5162
6180
4217
5695
4609
2115
9452
4029
9009
2830
3967
647
2288
9035
5635
1682
3507
7121
9667
7374
4950
4434
6644
3630
7823
2675
1591
521
2636
4341
8392
9189
6348
2542
3186
7567
9115
8225
7837
1470
429
879
7365
8137
5938
7366
1595
1530
9586
6028
7290
827
3018
1248
3468
322
3054
7712
689
1451
8146
6507
4653
2228
1063
3925
4711
1634
2995
5826
5896
6844
2027
7268
7280
2785
2567
8058
5322
3468
4072
5454
6383
8728
4982
6286
9013
9518
5616
6764
3643
2681
7190
585
7945
8491
4906
9876
9373
5210
8569
2137
3996
204
9700
7830
1283
689
8131
8194
9719
1662
2531
2195
5976
9498
3761
4207
8266
4428
1659
3556
2595
8627
1139
3477
3152
4510
3791
8790
7494
4561
9264
240
3096
792
4975
9987
3317
5156
1971
9740
4565
250
7375
557
8757
1339
2009
5432
823
9150
9582
5682
2598
1512
3270
6514
3965
4639
5599
6305
8502
9381
5516
7205
4620
1680
2849
4382
3791
2157
4490
924
6320
7242
1140
6899
9270
1070
471
804
1067
7220
8747
9204
6009
4228
7524
5962
3099
8428
495
3134
7398
8256
4756
2213
5271
5177
5479
8735
9816
8340
5113
1185
1784
6576
642
4394
7389
5047
2321
4582
6877
2584
4892
5946
5667
5668
4812
8358
1660
7572
7930
5804
8767
1542
1993
8612
5848
7105
8548
9797
2488
1597
3757
3725
4954
569
4857
2110
6223
5535
4438
3285
6661
6660
5367
2908
7652
7581
1491
3127
9784
5047
5121
2696
5561
7345
5770
8544
124
1323
3033
30
7724
9982
311
1243
3237
6097
4819
5515
5471
3389
2426
3041
977
7694
3576
7095
5952
319
7198
2222
9524
7298
955
2756
9631
2482
1566
480
3910
222
8169
242
2148
4896
4758
5218
5750
672
1387
8570
852
9885
6943
7431
3806
2133
8043
990
4492
6094
8356
2577
828
8833
5614
338
8788
4915
2052
3733
3609
2249
4896
215
7110
9162
2396
5094
8434
410
9791
6404
9567
1468
2170
6625
3957
1979
3831
8708
973
9755
9809
3077
2912
3400
6439
4770
3680
206
8851
3057
9923
7024
6813
8933
1080
131
9082
754
4354
7742
2691
4989
1254
9458
8266
9259
9827
602
8385
8479
1150
7173
9696
7570
6496
724
1480
7478
4446
5991
993
2660
9086
580
5598
1842
278
8472
7921
3469
4491
9225
1527
5039
3274
9131
8074
8875
7494
1906
9944
3369
9418
4131
6792
8109
9132
1556
3638
9623
7404
207
3488
7292
8007
2423
5883
9541
4557
4955
6948
1820
2820
9802
6873
9996
1679
3993
4211
9851
3404
357
2435
2768
3491
6937
5938
8882
9945
1874
6854
9038
8587
9940
5307
4350
4439
869
7851
4952
7828
2066
5059
4281
3545
3184
546
5890
4233
489
3068
8063
1632
5089
5484
461
8280
9644
5847
4032
4978
7540
7096
9591
7299
4218
5643
7016
2731
6453
4541
2991
6119
4344
7508
6386
6155
7921
4293
5771
5226
2328
5044
9288
2115
4724
9575
8761
1635
3799
758
7815
2362
1608
6900
6867
364
21
7219
3679
5257
3830
4430
373
2168
5062
8314
9553
9313
9589
7137
1563
7577
4021
6429
9799
160
985
3383
7673
4815
1847
4338
4300
408
1342
3294
443
2293
826
6229
9657
2859
4793
4036
5456
6442
8069
3673
9033
8099
1828
9129
2436
203
9169
4887
9312
4032
3903
3672
9153
5419
430
8500
3355
4932
2244
786
8170
1730
2535
2111
9595
7046
8863
5142
3272
9812
2878
1950
9417
7612
2447
8040
8868
1248
7189
2706
7453
525
554
3117
7124
1932
5415
3576
3369
2520
5130
7707
5817
1500
2945
6750
1291
6747
2372
9203
379
6790
1216
8622
5111
9555
6001
4304
6004
3025
2379
1723
3274
5950
1572
9895
877
704
1747
1828
2632
1820
1306
5999
4955
7721
3465
4952
9400
9785
5582
2874
1329
9285
106
4914
4372
8139
415
7209
6171
6588
8082
4351
1285
6343
6151
324
8446
2354
6387
8986
845
2372
8306
9124
1980
9706
5582
1937
7895
1369
190
9591
6689
9571
328
3575
2778
7069
9065
1376
8243
558
8744
3023
7455
8589
1771
6947
8743
5832
6403
5152
3304
2264
8860
8122
3662
8575
5604
7196
8632
3469
9336
252
3039
3258
5918
7055
5780
1214
8800
424
4355
7772
8035
5208
9143
4239
4926
3208
5807
8273
8790
2633
4734
3568
8818
2823
5066
1903
3755
2705
6274
5100
5808
4383
8079
658
4036
522
5379
6600
3714
4439
8733
8415
8600
5688
7276
1300
9124
937
2740
3828
7406
4990
4925
1398
3268
741
8811
8253
4415
3280
46
3163
7885
1419
7618
3646
5671
5902
9636
8086
9340
7623
8100
3811
1839
3725
9444
7150
7406
1446
5601
3453
7508
385
8443
3633
6860
2393
8786
9356
1223
2390
8148
1903
9233
9736
4464
7632
36
1264
8814
8435
3999
2678
8217
2380
1127
7608
6982
5939
777
2269
3986
4084
679
5962
2558
1085
177
6745
9510
9129
3988
1126
8258
5050
3637
9927
5084
6272
3
2937
5592
3863
4263
5254
4813
6799
769
2690
2639
3328
8612
4574
3780
4548
88
94
3374
8981
9063
2948
1829
8513
5580
7059
8787
8594
797
7277
4139
3149
7488
914
4561
4787
9950
1914
9903
2889
7371
4072
6651
6228
8921
8282
2172
6267
9978
4242
3799
3756
3362
1066
2532
7733
6162
5902
575
6101
4728
5881
5786
2747
6965
2267
8003
7839
1494
9187
522
9595
3911
3167
7962
8403
1555
2121
4807
7411
2093
4272
8793
9202
6609
2299
2431
9612
4976
51
2363
1404
7772
5946
5122
8590
9111
4973
6494
6806
7563
5052
188
6746
536
4361
46
8838
1072
6334
3258
9622
5848
4322
3016
7937
8393
6313
9568
1776
3170
3726
8014
9866
7460
3392
8499
914
9144
7164
49
3393
914
5529
7946
5699
7844
7377
6784
3093
2852
2537
6758
5511
6987
5859
7964
6261
8852
2973
1914
3073
6714
4236
9647
8019
9611
6134
5709
1305
5090
1337
4219
8558
8302
137
451
3781
8816
8078
9173
4197
9447
2927
2631
3187
9397
589
5453
2362
3225
5026
4487
3232
1526
5892
3870
7768
7118
4300
1319
8989
9418
7220
9376
7265
6600
2983
5439
723
4520
2732
2092
6680
4579
2701
2308
7487
9450
8799
4647
9233
2112
2897
3107
5943
9399
4906
6559
4860
590
4543
7830
2087
3764
9889
9520
8663
6404
7916
2773
1593
4336
3457
5336
5595
2509
1009
2164
6217
6920
2698
6803
3340
1798
1807
2264
2484
1859
7460
9506
1587
3464
9538
3271
7258
5727
6044
3070
5007
3996
7771
699
9921
5178
7267
7164
9146
109
1003
5308
2791
8291
8876
8629
3691
7460
3271
1527
2075
4414
36
6689
5581
731
9550
1175
9170
620
2736
7022
4495
1309
9726
8525
5715
6425
1314
7177
4783
4069
1269
9187
3675
9315
4344
9869
7385
4016
8094
5281
635
8812
7102
5710
9087
4479
7214
7247
1393
4024
6019
8246
4215
9686
2596
5961
8564
3759
9133
1163
6087
4029
9967
6330
4801
7284
6718
2132
7135
1120
3643
1654
4810
1277
3674
778
3983
7744
7614
5714
814
6357
4265
8816
352
2358
5833
1841
5576
1229
4574
223
4319
8909
1303
821
8899
7204
3932
2839
3294
6453
1120
6030
4044
4187
492
6582
7375
896
9444
1057
3470
7463
7013
2768
6803
5327
2136
3453
104
795
8609
7962
769
8859
7883
5589
7371
9881
5060
4960
1419
1315
4957
1019
106
2379
914
4774
4302
2144
8097
3124
7870
5013
509
6267
8333
5452
7931
8385
4975
4371
9770
6046
4398
6477
2758
3038
9323
6804
537
1841
5602
5440
9242
2780
4988
2584
9929
4848
5103
5104
2899
3307
5570
5144
8925
2656
1076
3786
2103
522
1395
7056
243
6618
2910
4504
9342
5959
8838
9429
5059
4813
3270
7322
6411
3763
2554
1114
4070
2037
2041
2601
4421
174
9765
5762
3110
4453
6063
3300
3842
9447
6376
622
4593
3055
9388
9119
3459
9437
5210
5394
3382
2993
1716
3042
2651
3832
8932
6302
2365
7139
4414
3288
7680
8010
5401
1538
6597
5209
399
8253
1098
1771
3829
6143
2404
3709
6412
1382
1283
5010
2971
4352
8128
3304
1781
7043
6226
7522
9042
3750
3004
1822
3268
41
7141
4930
9173
3403
1620
644
8531
9759
8862
5096
4256
7851
6938
2015
9793
2659
7019
3058
3587
9724
5665
8375
4922
7842
2853
8139
5986
5640
7988
813
7623
90
8302
6106
895
8091
9257
9885
3205
7574
202
2074
5053
189
3631
8784
4933
8726
7382
1915
2208
3522
9369
248
7186
2945
2354
9989
4566
2665
746
3331
712
1603
5267
5574
6726
2773
9687
3629
6056
5319
8440
7128
8440
5893
7411
2996
6128
4719
9352
6862
9430
5736
6253
2644
7166
1686
853
3295
2623
8140
8920
9955
2058
1042
3565
2594
7311
1154
4815
8406
3219
1758
1476
9380
7996
2419
2733
7398
9179
1813
332
1537
4018
3330
4405
8629
7169
6929
2921
7478
7009
7475
5286
1621
3461
1964
9792
7341
7382
3713
2418
5055
2947
8585
4060
1462
3836
9350
6011
8148
7545
9115
7553
34
1566
2510
8936
497
2818
1173
2260
3847
6774
5277
1359
803
7112
7959
9779
4210
6864
6187
5779
5570
9876
347
6298
4480
3703
3544
4347
5676
8498
368
9376
6483
7303
8331
8321
6582
1837
2785
4792
8922
7151
4439
8306
2320
3236
4520
5223
1544
1732
862
9576
1212
7448
4877
4492
6890
9816
8935
1359
3372
2201
8124
4386
1918
51
3613
4481
150
3900
5451
1006
1273
201
6930
5256
3851
479
626
9924
6122
6881
6775
8593
8758
8513
1575
8581
4693
3101
4490
5410
6149
2216
5476
5272
1863
9561
3054
3886
1358
9955
5007
8315
8944
6442
2197
848
7821
7463
5116
2349
3470
2854
3941
7560
1651
7496
1772
5722
9048
2179
4745
9379
4986
6667
5716
5513
2305
9712
4857
3297
9263
305
8956
6090
7703
453
7984
3618
9166
272
2983
6000
1892
562
3894
4886
8105
7101
8897
7980
767
4632
8672
2304
6655
7813
2274
6080
9769
2754
1495
8467
3636
4485
8788
1489
1553
9393
7630
3790
8608
833
4396
9619
8454
2894
7039
3827
5865
1187
6627
2063
6920
2915
2704
9320
1983
1132
9436
4959
9155
2564
8008
1706
8684
1030
1985
8671
8776
8928
3505
9886
5303
5280
6392
3356
5620
3689
4968
8758
4406
7083
9436
342
3939
3511
6229
4339
6306
6233
4244
5143
2450
9184
6248
7567
1202
7316
1635
9822
490
6253
9561
8335
4247
9542
1517
7211
7827
8340
7978
9635
2071
6180
189
9344
849
9975
343
8217
3745
6380
1735
9815
105
2232
4688
518
4663
7354
8390
1086
8606
8001
4934
9552
7319
1564
2766
1625
8543
8329
4479
4982
6722
5396
8950
7975
1424
2887
542
3884
5718
5892
3298
423
8453
6254
5007
3689
6476
8645
7245
4720
477
8622
4595
8994
4064
303
820
3319
5801
4685
6746
5611
4631
1084
9748
5274
6709
853
8936
5076
9670
674
9571
7572
7925
1623
4905
6373
3023
6327
4127
8963
7776
8650
6017
1548
3061
6479
9703
9332
4137
6346
4278
6638
7922
3715
5853
3421
5974
979
7691
5566
4282
3010
4984
5307
6335
7882
699
1990
7059
3577
9170
8038
5551
8758
6299
1446
4307
3184
2582
5382
9921
618
9797
4327
4419
9439
2884
6012
3111
6305
219
1098
153
8437
539
7848
5410
8798
3770
3194
5442
3974
5515
4399
583
1198
9116
3184
8635
8017
9390
29
4476
1762
8551
8294
1615
3177
3676
3648
6038
6971
1424
4331
5675
1529
2531
5206
1861
3345
3832
4800
4994
8499
698
1334
3891
2053
2272
9361
5052
5540
8376
5241
9761
5466
5149
1312
2931
7618
5399
746
5319
840
2695
935
3149
8834
4532
9669
4464
4749
676
2326
4136
146
4556
3372
9038
5428
4362
3941
5077
1724
3792
7840
817
304
6592
4573
7519
3277
3558
4158
8797
1576
9561
4742
1906
5383
8965
9693
1718
3015
4245
6258
3724
2586
7375
1083
5
2047
1027
8800
2179
3611
8179
6881
3359
3507
4321
4225
2350
6840
5989
7755
6917
2289
4809
8817
5682
2816
7516
4969
9503
6235
8448
378
4581
1105
1825
5279
9837
6419
1983
1504
9692
8500
2625
1656
5081
4993
9092
5797
2045
1760
6953
9083
208
162
5131
9743
6138
3493
1542
5329
1593
6428
5153
5872
2181
6675
1099
6510
1823
1151
6458
9481
7797
9333
9272
7482
5416
5572
9717
6339
1546
7847
5493
8864
8153
5262
4604
4374
3184
9607
6847
7695
2860
2948
4628
2845
1624
8004
5347
4232
4465
9307
288
356
5839
2853
8269
1820
334
9822
5487
6162
3773
3878
54
7764
6270
7381
5941
8440
9662
8332
8790
564
2487
9822
5814
2677
6490
8049
9106
838
3620
9269
7848
5948
3137
2813
1403
5429
9386
3884
4715
4970
5300
1138
9122
5573
5314
3146
3835
4105
66
9711
3414
6103
5957
3556
8384
3906
6907
6571
26
2653
2960
7659
3267
7412
507
3662
4215
461
5418
680
8798
4093
9642
1680
794
3602
8991
844
5995
5890
6840
9747
9517
5927
7845
6433
9098
9194
4889
5298
8572
4167
2260
5442
7128
3178
4400
8963
6156
9409
4166
9705
8554
2939
1378
3751
9715
9682
1212
5846
390
4994
5598
2789
551
4504
6321
3087
7383
6716
3855
4643
2721
5415
9591
5368
2553
7769
8779
6800
4145
4668
7319
6883
5009
4692
3088
4218
9843
1717
638
998
5411
310
4553
5170
2545
4183
9021
9038
8882
7082
2477
5115
8277
6460
2921
9335
7189
6490
1302
164
3227
1761
6794
4942
1911
6783
7465
8681
2868
4851
3733
4679
7559
9877
6853
8695
5942
889
1660
9503
2233
7351
6659
8692
9013
3973
1762
3404
2973
5063
4613
8293
9514
3163
5324
9555
6317
3765
1153
1083
1636
6036
7869
1103
5302
8043
7614
28
8815
7271
8070
1591
3909
5448
3419
6246
5453
9854
3201
4037
8522
5663
204
9958
7075
8990
1157
2685
3655
970
6548
3220
7146
1304
3187
6850
9792
9322
3472
1537
7971
2506
8446
7442
3314
5180
3906
8767
3470
6643
9900
8185
75
6328
4943
3671
2773
1008
5904
2079
7693
3203
265
4664
5269
3266
5563
2670
9690
8435
5685
1774
8363
7679
1056
2102
8324
7790
4559
5313
4264
5372
9028
1060
4874
6475
3314
1116
3353
7975
5478
3781
66
2583
9183
8575
1031
1973
456
522
8905
1204
1999
6644
2823
2624
359
945
6147
445
6310
8633
3148
6159
9529
6913
8174
2545
5305
4492
7841
9697
5100
1254
3799
31
7873
5445
8366
3216
2818
2345
4280
6639
345
8464
7613
305
5699
8280
4092
7312
5807
1199
2271
2109
9631
5687
9342
9166
2022
6082
7998
7934
9704
6273
5321
6638
4117
8774
5212
640
1983
6423
1859
8383
3430
6634
7592
9596
1548
6582
5178
7510
8922
1723
6115
7190
1333
1746
2046
3043
6436
4748
2651
701
866
8936
1725
6164
221
6706
8194
5615
4003
493
3531
2245
3111
9496
6380
1346
2416
9036
5887
9964
8832
6859
5253
6751
4421
2772
1041
4367
2730
8297
2141
4443
2419
7583
6253
906
1554
8299
1746
7092
3811
6483
8294
757
5028
2234
5801
4611
1195
5447
2684
7575
9511
7694
5690
3083
522
8975
1031
8444
9315
467
5682
4315
8723
4138
3896
7260
5132
4974
5177
3688
6191
6728
5851
6894
5356
7020
657
5120
2057
5436
8410
8672
1811
6605
2862
928
4917
8720
6232
216
2869
3577
9479
4028
5523
585
7869
1431
1059
6938
8402
5913
530
9968
8160
7485
4200
4474
3851
9814
4553
1292
3034
7689
9973
760
8318
1956
5964
2063
1171
8408
3005
5924
5984
8753
1726
8190
5827
975
6453
9901
6088
6732
28
7370
6266
3733
2518
7842
4636
130
3870
54
1803
5630
4352
9478
1070
7131
5414
2025
9541
5518
9151
7061
1353
1425
3718
5356
155
3167
1712
2413
3690
7738
770
9411
2779
8103
3970
8274
8817
1658
1127
926
5738
2611
4106
891
8720
6268
3356
9705
3062
3231
907
6297
225
4824
8984
5486
1251
1878
6162
67
7771
1097
6182
8455
7069
9434
6011
137
1203
8563
9554
5775
6736
611
5986
9972
5634
3755
2206
7876
1388
2747
8672
5440
9084
4873
5590
3555
3477
868
5982
704
4681
4233
5378
5482
5391
1758
4710
724
2625
3974
7163
970
4249
4167
4186
2378
4225
1388
2577
5916
8398
2775
6701
49
4791
5059
5542
2798
4538
1737
6090
524
9424
675
2252
2994
2318
9046
439
5765
6338
1419
5413
4268
649
702
1562
9358
340
7892
6083
4697
3983
7453
5153
537
8337
4742
7921
4249
5926
194
360
8071
544
2266
6930
2214
617
769
6523
3334
1366
1937
1557
6421
8074
9621
1214
9410
3514
75
9657
6776
6234
4197
1932
7583
593
9619
6628
5172
1506
1616
5788
5076
8328
9579
2430
1041
7780
8825
8895
9247
7021
6285
3634
4486
5418
5288
4989
9929
5836
3977
9974
2807
6939
6964
6885
515
5987
343
1416
772
8105
7049
4852
1391
724
3255
8916
773
2330
4051
2818
4133
9790
1965
1555
69
3350
1193
1964
6111
4830
9865
6
7304
29
9232
2152
5675
7540
8658
8381
8360
2236
6697
6266
143
9864
3929
988
4359
9645
7200
6327
668
4281
7746
3372
2886
9965
596
7712
2974
9769
7032
8444
7178
6769
6102
1140
9612
1990
6552
6621
5977
7210
2775
371
3765
7188
7606
9572
8448
8788
714
3290
9606
9974
947
8335
8554
3924
7762
4274
2952
6630
5670
8842
5494
8336
2876
1932
69
573
4652
462
6725
1621
9420
7875
8563
4951
6073
405
4870
2738
5973
7213
352
5426
7325
9995
2936
956
1489
8501
748
7436
7627
8978
3851
6192
620
2090
4674
5287
6174
2336
6058
7456
995
7342
7709
6314
4904
5272
8987
2263
6484
747
9507
3774
677
7240
461
997
3163
6327
5882
3624
7492
5585
2916
7064
2525
8077
6412
4781
4153
59
3944
9237
4594
1952
6914
97
7509
3859
9154
50
4794
8215
5185
9456
5548
4692
8361
4688
9243
3577
5971
4510
4334
9286
4946
2868
8260
1284
4759
1874
1488
5245
2176
7480
5842
488
6360
2327
4246
8604
7665
4199
854
3086
3693
1876
3211
5709
639
6460
1270
8516
6220
6055
800
2882
3157
9605
2404
6297
849
5518
5125
4559
193
2925
817
1823
1957
4209
687
9248
9383
1645
1928
2738
6263
2279
9229
1083
5836
8376
8970
1636
4873
6964
5580
2113
2361
2553
9343
9746
5492
2792
8656
4421
9841
5964
833
9944
854
2189
462
2519
419
8983
7765
6874
4014
9401
6151
2059
5302
5250
900
3645
7220
8945
7369
7254
5093
3634
1633
6378
643
1227
5787
2298
5816
533
1034
9190
4995
4213
2102
6693
2244
5416
1454
9929
8935
9171
7638
4199
2663
1907
8742
3123
8908
6055
5039
4952
4027
3016
6099
3019
1741
9604
5042
446
5863
5989
6694
469
9516
1628
4778
7728
6547
9049
1869
1425
3972
2740
2668
8862
2792
3275
9737
6121
7689
8060
316
3243
7785
6262
6853
1714
2014
8857
2455
9599
486
652
8571
6012
4983
3310
7944
9556
5883
6274
8717
4716
7471
9037
2674
3308
9852
5020
1902
4896
9314
5240
958
5030
2305
3708
9398
7551
4875
7811
9014
2546
2077
5424
5010
7114
4637
6593
4765
3475
6693
1129
3928
5337
3576
7274
6474
6680
895
372
457
113
6438
7840
3578
6435
446
9531
4314
2060
2143
3687
6427
7353
5
3688
2003
3250
3477
992
2406
2794
2080
4358
5184
4549
8281
4159
7934
5698
5109
1476
3398
1060
6087
4606
7116
3404
9298
2605
7650
8368
6476
9024
7344
8261
5557
9054
5207
9273
4683
2611
4365
8593
6570
9923
4662
6625
2410
6665
6236
138
3226
6422
2365
7079
1906
9194
8006
4664
2628
1550
5466
9827
9583
3920
3408
1652
2645
5073
7985
7379
566
3594
329
4944
503
7457
8299
5928
6140
6531
9885
2854
3796
5796
7775
6403
9943
9752
9844
5747
5847
5414
194
8700
6319
4491
1662
6453
7322
7894
2307
9014
4154
8722
1045
6498
6213
8983
8221
4100
5009
890
3091
7287
3544
1905
1826
9464
8157
6015
9824
2130
4280
2905
9546
8659
8207
9499
4445
3643
7762
9732
898
6213
3514
3185
1190
8072
2991
963
8769
3228
3627
5732
6943
9558
1031
4680
6438
7060
7271
614
412
8974
5529
5993
438
2343
8792
3580
8662
7352
4093
2380
3619
1322
8909
551
1973
5915
9781
3895
1436
5604
7059
1982
5501
8527
2865
638
4098
7486
7346
4903
6428
1378
8213
1090
4455
7568
4663
3293
2633
4512
2938
5708
6258
4340
5729
7296
6750
822
7607
5463
1632
8814
6560
4870
4395
6792
1220
9488
431
7286
748
5187
48
2375
7610
1144
6005
7324
5994
3696
7036
4879
1309
3325
5994
8060
2830
2163
4450
5153
7754
7696
5263
406
6496
8816
3973
237
2511
4081
7342
2843
2820
5921
2896
4608
4678
5345
4305
8054
7781
2315
3331
2216
5381
8481
1205
642
1529
4177
7048
1269
3814
6576
8155
118
6435
9535
8880
9787
8277
6234
3049
822
6480
3503
9677
7546
5846
3618
8574
6846
467
6625
8168
8276
8834
6196
5317
9181
211
9648
9283
112
2558
2621
1257
6277
5482
9477
4149
7467
4622
7659
4779
2657
5982
9577
2573
6433
3599
8452
9553
2029
7784
546
6011
1901
2088
3167
291
2648
2719
6811
5441
3940
9738
6618
7992
4198
8134
2400
5553
2001
8495
1989
7551
8900
6252
3954
5603
8193
9715
6334
65
5652
3080
9796
2528
5384
870
6785
2717
2958
5046
58
1189
9692
7669
2653
2773
7098
8630
9855
9170
2143
9725
9085
217
9457
8744
6229
6212
7939
1916
8382
6448
1810
9295
8452
1551
9125
1661
9830
4191
1887
3882
7205
6890
5278
2241
6644
9125
3702
186
9065
1556
3427
3923
5117
7962
2555
1946
8822
3599
7829
4001
7127
8606
8396
3266
9186
2659
7188
8899
8564
79
736
7382
6551
6920
2391
894
9419
8185
6444
1062
6881
4442
7928
7468
6472
3623
7217
9959
17
158
2915
2261
9134
6278
2187
9755
4544
9608
7045
1398
4253
5001
8942
6050
1361
7099
7561
2310
3154
1290
9291
4409
5967
6708
7435
4827
9555
8274
8450
1536
7672
1925
9501
2045
4185
5088
1868
9615
9146
3807
