2000 800 40 0 
7000 900 30 7 
6000 900 10 2 
7000 500 70 3 
1000 300 50 1 
7000 600 60 0 
2000 0 90 9 
3000 500 40 0 
9000 600 80 6 
100 40 9 
2000 600 70 3 
2000 200 0 4 
8000 800 0 1 
8000 0 10 7 
2000 0 0 6 
3000 700 10 9 
6000 500 10 7 
5000 600 30 7 
1000 100 20 9 
2000 600 60 2 
3000 900 70 4 
1000 200 30 6 
300 30 2 
6000 0 80 6 
6000 800 80 8 
600 60 8 
9000 100 80 3 
6000 900 90 9 
5000 300 30 5 
2000 600 70 0 
9000 300 0 9 
4000 200 0 8 
5000 900 60 4 
7000 700 80 0 
5000 600 0 9 
6000 100 50 3 
7000 600 20 6 
5000 200 50 6 
6000 800 70 1 
8000 0 10 2 
3000 400 90 3 
7000 200 60 5 
5000 400 40 3 
4000 400 30 9 
9000 700 60 0 
6000 600 0 0 
4000 600 40 0 
8000 700 40 8 
2000 500 50 8 
9000 100 50 3 
8000 900 90 3 
2000 100 70 9 
2000 600 60 0 
90 2 
9000 400 30 1 
7000 200 30 9 
9000 200 30 6 
2000 600 0 8 
6000 200 30 8 
700 0 3 
6000 300 20 3 
7000 900 80 0 
3000 900 70 8 
4000 600 20 1 
7000 700 10 0 
8000 900 70 1 
8000 300 50 4 
7000 700 80 0 
7000 200 0 9 
8000 100 90 8 
7000 900 10 4 
4000 300 20 2 
2000 700 40 5 
5000 500 60 8 
5000 0 80 4 
6000 500 30 2 
4000 0 70 2 
3000 200 30 1 
6000 600 90 6 
9000 400 80 6 
8000 200 90 4 
9000 400 70 4 
7000 0 70 0 
1000 900 80 7 
800 40 2 
1000 0 20 2 
3000 500 0 7 
9000 300 10 9 
300 10 9 
3000 100 70 4 
9000 600 10 9 
8000 500 80 3 
9000 500 0 5 
300 70 8 
4000 400 20 3 
60 5 
3000 0 0 2 
4000 100 10 2 
4000 600 0 2 
6000 500 10 2 
6000 500 10 6 
1000 300 80 9 
4000 100 10 1 
3000 400 60 2 
1000 0 60 0 
5000 700 10 3 
4000 100 80 0 
4000 200 40 9 
3000 600 50 9 
1000 700 20 4 
9000 900 20 9 
2000 100 30 5 
6000 700 60 0 
8000 700 20 2 
5000 400 60 7 
4000 400 40 8 
9000 700 20 7 
8000 0 10 6 
1000 0 30 0 
3000 0 90 4 
2000 500 90 4 
2000 700 40 8 
1000 0 10 2 
1000 700 90 9 
3000 100 40 8 
8000 300 30 5 
6000 700 60 7 
3000 600 20 4 
2000 700 0 8 
3000 300 0 4 
3000 200 70 3 
8000 100 30 0 
4000 800 80 1 
4000 600 60 2 
8000 800 0 7 
4000 200 20 8 
1000 900 40 1 
7000 0 50 9 
5000 400 40 4 
5000 600 40 1 
5000 500 40 8 
2000 400 80 7 
9000 100 60 5 
1000 800 50 1 
7000 900 0 3 
6000 600 80 0 
800 20 6 
5000 300 20 1 
7000 800 10 5 
9000 900 80 6 
600 80 5 
3000 500 90 7 
5000 400 60 3 
7000 300 20 6 
3000 800 0 3 
1000 100 60 2 
5000 900 0 9 
9000 700 0 7 
9000 800 10 2 
9000 900 80 7 
6000 600 50 1 
7000 100 40 2 
9000 400 40 3 
4000 600 50 9 
8000 300 50 0 
1000 200 90 4 
8000 400 0 4 
5000 900 0 0 
9000 700 20 8 
2000 800 10 5 
3000 700 80 7 
300 20 3 
9000 200 30 1 
8000 0 10 9 
3000 500 0 5 
100 0 2 
3000 600 20 7 
9000 100 20 8 
2000 200 50 0 
2000 0 40 7 
1000 200 40 6 
7000 800 20 0 
1000 600 50 9 
2000 300 60 5 
1000 0 40 5 
9000 600 70 9 
4000 400 70 3 
900 10 9 
9000 200 80 0 
4000 0 50 0 
4000 300 50 8 
8000 100 60 6 
5000 800 20 3 
7000 100 60 5 
3000 400 40 6 
9000 900 60 2 
7000 100 0 4 
8000 600 80 1 
9000 700 20 7 
6000 100 10 7 
2000 400 10 9 
4000 400 0 1 
4000 700 50 9 
3000 200 40 5 
1000 500 30 7 
6000 400 60 2 
4000 800 60 0 
1000 200 90 0 
1000 600 10 8 
400 60 2 
5000 400 10 8 
2000 300 80 9 
9000 400 60 7 
1000 400 20 1 
300 10 6 
9000 200 70 8 
7000 400 40 1 
3000 600 20 3 
7000 700 50 6 
1000 400 10 6 
1000 100 90 9 
6000 800 30 8 
3000 300 80 0 
9000 300 20 2 
1000 0 10 6 
5000 100 90 2 
6000 100 30 5 
9000 200 30 3 
1000 0 0 0 
6000 300 80 9 
2000 800 10 2 
5000 400 0 5 
5000 600 70 8 
5000 600 20 4 
2000 200 70 9 
4000 900 50 1 
9000 500 70 3 
2000 700 70 4 
3000 0 30 4 
3000 600 60 8 
6000 700 20 7 
4000 700 40 1 
5000 0 50 8 
9000 200 80 0 
4000 900 90 3 
4000 800 90 6 
2000 400 60 2 
7000 200 20 7 
9000 500 0 5 
8000 300 40 6 
1000 500 0 1 
9000 700 60 7 
300 60 6 
800 50 8 
6000 400 30 3 
8000 400 90 3 
3000 400 70 1 
3000 600 10 9 
6000 700 40 2 
5000 100 50 7 
6000 800 50 5 
300 20 5 
200 90 7 
1000 800 80 2 
9000 800 70 4 
9000 600 10 7 
600 10 3 
5000 0 10 2 
3000 500 90 9 
1000 800 90 9 
2000 100 50 3 
2000 700 50 7 
4000 200 10 6 
9000 400 80 6 
8000 800 20 6 
4000 900 70 0 
1000 600 0 0 
9000 600 40 5 
5000 0 70 0 
9000 900 80 2 
9000 600 10 3 
9000 900 20 5 
5000 0 70 2 
900 90 0 
900 50 4 
6000 200 70 5 
1000 300 40 4 
5000 700 40 1 
100 10 7 
6000 200 80 2 
4000 400 60 6 
3000 700 50 8 
9000 500 90 7 
7000 700 20 8 
70 5 
2000 300 90 5 
8000 200 0 1 
9000 800 30 4 
1000 600 40 2 
5000 900 20 2 
4000 600 30 9 
6000 800 50 9 
2000 800 70 2 
7000 300 90 9 
6000 400 70 2 
2000 600 10 3 
2000 600 70 6 
900 30 9 
300 40 3 
6000 800 20 4 
6000 900 60 7 
800 10 7 
6000 500 60 5 
6000 300 0 2 
6000 200 70 9 
6000 600 30 8 
3000 400 90 6 
1000 500 90 8 
900 20 1 
300 10 5 
2000 100 50 9 
3000 100 60 4 
9000 600 10 0 
4000 300 80 9 
5000 400 40 8 
3000 500 80 3 
7000 800 80 7 
1000 700 40 5 
9000 600 60 1 
2000 900 40 3 
1000 500 40 8 
1000 900 80 7 
7000 700 80 7 
5000 600 90 2 
5000 600 90 8 
1000 600 20 7 
1000 500 70 4 
6000 100 80 6 
400 0 7 
8000 900 30 4 
7000 200 20 3 
8000 600 70 8 
4000 0 70 6 
9000 400 20 6 
7000 200 30 5 
9000 800 70 5 
8000 800 60 1 
1000 700 90 7 
2000 700 50 4 
8000 500 70 5 
2000 700 80 6 
3000 300 0 0 
90 2 
2000 400 30 3 
5000 800 30 8 
7000 900 90 9 
6000 100 50 7 
6000 800 50 6 
3000 400 60 8 
7000 700 40 1 
8000 0 0 7 
2000 200 80 4 
5000 300 80 2 
5000 900 0 7 
6000 800 30 0 
1000 500 10 9 
9000 900 40 7 
1000 800 20 3 
3000 300 0 9 
100 60 7 
5000 0 40 4 
6000 600 20 8 
100 30 7 
9000 900 50 2 
8000 900 30 5 
3000 100 20 8 
6000 800 80 1 
8000 300 60 6 
8000 800 20 7 
5000 300 70 0 
5000 400 70 5 
1000 100 90 7 
900 30 5 
7000 600 40 9 
1000 700 0 6 
1000 900 20 9 
6000 200 70 8 
9000 300 50 3 
4000 800 0 6 
6000 700 50 9 
1000 100 50 0 
5000 900 50 9 
1000 600 80 2 
9000 0 50 9 
4000 200 20 8 
6000 600 10 3 
1000 0 80 2 
8000 900 60 4 
6000 400 30 8 
900 40 1 
3000 100 30 5 
7000 200 70 4 
6000 900 80 7 
2000 600 80 0 
5000 600 0 9 
8000 200 80 4 
6000 500 20 8 
7000 700 40 6 
3000 800 40 2 
3000 800 30 2 
4000 900 60 7 
700 0 1 
9000 900 0 9 
4000 100 10 1 
5000 300 30 1 
2000 200 60 0 
3000 800 30 4 
9000 900 60 9 
6000 900 80 2 
5000 0 50 0 
8000 600 40 7 
7000 700 30 7 
4000 100 20 7 
4000 100 90 3 
5000 500 30 4 
300 20 1 
2000 300 50 0 
4000 300 0 0 
2000 900 10 1 
1000 200 30 2 
4000 100 90 7 
1000 900 30 9 
7000 0 0 7 
1000 900 90 4 
5000 100 50 0 
1000 800 40 7 
7000 300 60 9 
7000 300 40 7 
3000 100 20 5 
7000 100 90 4 
4000 900 50 3 
500 10 1 
4000 400 80 9 
3000 500 90 4 
6000 500 0 8 
1000 300 70 0 
9000 900 90 3 
3000 700 10 6 
3000 0 0 1 
3000 700 20 0 
5000 200 90 3 
1000 200 40 7 
9000 700 20 4 
3000 0 20 7 
2000 500 10 7 
9000 200 30 9 
40 3 
600 10 0 
1000 900 20 5 
10 6 
6000 900 10 6 
1000 600 10 5 
7000 900 80 3 
7000 800 20 9 
4000 300 0 2 
7000 800 70 4 
8000 0 0 1 
4000 800 0 7 
4000 0 80 4 
200 20 7 
900 60 1 
4000 700 70 4 
5000 700 30 6 
1000 700 70 1 
3000 200 80 2 
6000 0 90 4 
9000 0 40 8 
2000 200 60 6 
7000 600 60 8 
9000 500 70 6 
9000 800 30 2 
7000 400 70 5 
7000 600 0 9 
5000 600 30 1 
8000 200 30 9 
5000 300 60 5 
7000 100 70 3 
9000 400 0 0 
6000 700 70 5 
1000 300 50 5 
1000 200 70 5 
9000 600 30 4 
3000 0 0 8 
9000 600 90 9 
6000 100 50 1 
9000 300 50 4 
8000 0 0 7 
6000 100 70 7 
4000 0 20 6 
400 0 1 
7000 200 50 1 
4000 300 50 7 
5000 100 20 5 
700 40 6 
6000 0 90 1 
6000 200 40 7 
7000 0 50 2 
900 20 2 
8000 0 50 4 
6000 300 30 1 
1000 900 60 7 
9000 900 90 7 
5000 800 20 6 
300 0 2 
4000 200 50 5 
3000 200 20 4 
6000 700 40 1 
3000 700 10 8 
8000 300 80 9 
9000 100 40 1 
2000 500 30 6 
9000 600 40 8 
2000 700 10 5 
7000 600 70 9 
3000 800 70 2 
700 50 5 
5000 600 70 8 
8000 400 60 4 
8000 100 60 1 
1000 300 0 1 
7000 0 20 6 
8000 400 0 7 
800 40 4 
7000 900 90 7 
6000 900 30 5 
4000 100 90 1 
9000 900 10 1 
7000 400 10 2 
6000 100 80 6 
4000 200 90 7 
3000 100 10 2 
2000 800 20 3 
1000 100 40 6 
6000 500 40 4 
7000 900 60 8 
9000 400 80 7 
3000 500 40 7 
6000 300 0 4 
1000 800 0 7 
8000 100 90 5 
1000 900 40 5 
400 70 3 
9000 100 50 7 
6000 400 50 8 
8000 800 90 1 
2000 0 50 1 
1000 0 20 1 
600 70 5 
7000 300 30 7 
1000 300 10 3 
7000 500 10 3 
5000 300 10 8 
8000 900 0 0 
3000 0 70 8 
6000 300 20 8 
8000 400 0 3 
2000 200 40 9 
8000 500 90 5 
3000 600 10 7 
2000 100 0 2 
6000 200 10 1 
6000 200 40 6 
9000 0 40 9 
5000 100 90 9 
2000 200 80 2 
1000 100 20 2 
3000 900 40 1 
9000 100 30 4 
7000 900 20 8 
800 10 5 
6000 700 20 5 
9000 700 10 5 
8000 200 10 8 
8000 300 60 9 
6000 0 60 3 
2000 900 30 8 
5000 800 30 0 
6000 900 70 8 
3000 100 20 6 
900 20 6 
7000 500 20 8 
8000 0 70 3 
800 10 4 
5000 100 80 3 
3000 800 60 9 
5000 400 10 3 
4000 200 80 1 
400 90 2 
3000 700 40 0 
1000 800 70 3 
1000 500 50 4 
6000 500 50 8 
5000 500 60 7 
2000 700 40 2 
500 80 7 
6000 0 60 2 
4000 0 30 8 
6000 800 70 6 
1000 800 40 9 
5000 100 20 5 
9000 800 20 1 
3000 700 90 1 
6000 900 40 2 
4000 0 70 1 
8000 500 30 8 
3000 900 30 8 
2000 800 90 4 
3000 400 30 4 
500 30 4 
5000 200 80 0 
9000 200 0 7 
3000 700 0 0 
5000 900 70 0 
5000 300 30 4 
1000 700 80 1 
4000 200 20 6 
6000 600 20 6 
8000 500 50 0 
6000 0 30 7 
5000 700 80 7 
1000 700 80 4 
9000 300 80 3 
4000 700 70 6 
5000 900 40 7 
6000 300 20 8 
6000 200 0 3 
700 80 6 
1000 200 90 1 
9000 300 10 0 
1000 700 80 5 
4000 200 60 7 
6000 200 70 5 
2000 300 80 3 
100 60 9 
2000 300 80 7 
6000 0 50 0 
5000 100 50 6 
800 0 5 
6000 100 60 3 
8000 800 60 3 
6000 500 30 0 
7000 400 70 9 
4000 900 70 7 
6000 800 10 0 
8000 900 20 5 
7000 500 20 4 
3000 300 10 2 
4000 400 60 3 
4000 300 30 0 
8000 400 80 1 
7000 900 50 3 
8000 400 0 7 
3000 0 70 2 
9000 200 80 0 
3000 800 80 2 
8000 700 60 8 
2000 0 40 7 
8000 700 80 3 
1000 300 50 5 
2000 0 10 5 
1000 800 30 9 
5000 900 80 6 
6000 0 60 7 
8000 300 10 2 
5000 700 80 5 
600 40 5 
2000 100 40 1 
7000 400 10 9 
4000 300 70 0 
1000 300 60 6 
6000 800 20 9 
800 10 9 
2000 300 70 3 
4000 500 60 3 
5000 800 80 1 
800 30 2 
5000 900 50 0 
7000 900 0 5 
6000 500 90 8 
3000 500 90 8 
1000 700 60 3 
5000 600 10 9 
600 80 3 
300 40 5 
8000 400 10 6 
2000 500 90 2 
4000 800 20 2 
9000 300 10 3 
7000 800 70 3 
7000 500 90 2 
6000 100 0 2 
2000 500 80 3 
9000 900 80 8 
600 50 5 
6000 200 0 0 
4000 0 50 0 
4000 900 30 6 
3000 400 40 0 
8000 200 90 7 
7000 200 0 0 
8000 100 80 5 
5000 500 10 0 
3000 900 40 7 
2000 700 90 1 
8000 700 0 4 
6000 800 10 9 
3000 900 50 1 
9000 100 60 6 
6000 800 80 1 
6000 200 80 9 
3000 400 0 8 
3000 900 20 3 
100 20 0 
5000 400 30 4 
5000 800 40 6 
5000 700 70 4 
5000 400 40 9 
6000 200 20 9 
300 80 4 
8000 700 50 4 
1000 500 80 1 
6000 500 70 8 
6000 600 70 2 
8000 300 60 0 
4000 0 80 6 
5000 800 70 7 
6000 700 50 6 
3000 600 90 3 
8000 300 20 3 
3000 900 20 9 
5000 300 70 3 
8000 0 50 9 
7000 300 40 3 
5000 900 30 6 
9000 800 50 2 
5000 800 80 5 
1000 600 90 4 
6000 400 60 0 
2000 600 20 1 
4000 200 70 8 
2000 300 0 1 
4000 800 30 2 
9000 700 0 7 
4000 100 40 2 
2000 700 70 5 
4000 300 10 3 
4000 0 90 3 
4000 900 40 6 
2000 800 80 4 
3000 400 10 3 
1000 800 20 1 
5000 200 50 6 
9000 500 0 3 
9000 200 90 0 
600 10 1 
2000 400 20 2 
3000 100 30 9 
6000 200 0 6 
6000 500 90 5 
5000 800 80 9 
3000 800 90 2 
5000 300 40 0 
6000 600 10 7 
8000 0 50 6 
6000 600 40 0 
8000 800 0 9 
6000 300 20 6 
6000 700 60 1 
6000 800 70 4 
8000 400 90 6 
5000 600 30 0 
4000 100 50 1 
2000 500 50 9 
5000 100 0 6 
1000 300 0 3 
1000 200 40 8 
6000 200 30 8 
4000 900 40 9 
5000 300 20 7 
2000 400 20 3 
3000 700 70 6 
5000 900 20 6 
2000 800 50 6 
400 70 7 
7000 0 40 0 
1000 400 60 5 
1000 600 30 4 
3000 400 10 1 
3000 100 20 6 
2000 400 90 3 
6000 800 50 2 
2000 900 90 6 
4000 0 0 1 
1000 500 60 0 
5000 400 0 4 
8000 100 90 3 
5000 800 30 4 
4000 200 90 9 
2000 800 80 4 
2000 900 30 7 
6000 900 0 4 
6000 900 40 6 
6000 400 0 1 
2000 500 0 6 
4000 500 30 7 
200 30 5 
1000 0 50 0 
100 20 8 
8000 300 80 3 
3000 500 40 6 
7000 800 10 5 
9000 100 0 5 
8000 800 70 3 
900 20 1 
3000 700 90 7 
9000 400 40 2 
4000 200 30 2 
5000 900 80 7 
3000 900 70 6 
7000 300 30 0 
5000 600 80 2 
2000 100 30 8 
500 30 8 
9000 400 50 6 
600 70 8 
8000 400 90 3 
1000 900 30 2 
1000 600 50 9 
2000 600 80 0 
6000 400 40 5 
2000 200 50 5 
7000 0 80 8 
7000 0 30 8 
4000 300 50 1 
1000 700 70 1 
7000 100 50 1 
5000 500 30 3 
3000 600 40 6 
4000 600 20 6 
8000 400 30 6 
3000 200 30 2 
9000 200 60 2 
400 60 0 
1000 0 50 4 
9000 700 10 4 
2000 400 40 9 
7000 100 10 5 
800 60 4 
1000 800 70 3 
4000 400 40 6 
1000 500 90 4 
6000 100 20 5 
10 1 
60 6 
2000 900 0 2 
7000 800 10 7 
3000 300 90 5 
3000 700 70 8 
5000 400 0 7 
6000 200 20 7 
3000 900 30 4 
4000 300 80 3 
3000 400 10 8 
700 40 0 
200 60 3 
7000 100 90 1 
1000 0 70 5 
7000 300 90 6 
1000 900 40 9 
700 60 9 
2000 500 50 9 
4000 600 60 7 
9000 400 40 5 
3000 800 80 9 
5000 500 80 1 
1000 100 30 8 
4000 100 50 9 
9000 700 30 2 
8000 200 10 4 
2000 800 60 6 
4000 300 50 4 
9000 200 60 7 
2000 100 50 6 
2000 600 0 2 
2000 500 50 1 
9000 900 70 3 
700 50 6 
800 30 6 
1000 600 30 4 
5000 800 90 3 
4000 700 40 4 
9000 100 90 3 
5000 400 0 2 
1000 100 10 2 
8000 500 70 8 
6000 600 0 5 
7000 600 50 5 
4000 800 30 8 
2000 400 0 4 
9000 500 40 5 
2000 500 90 8 
5000 200 50 0 
2000 900 40 5 
7000 900 30 3 
100 60 4 
6000 400 50 2 
9000 100 70 0 
7000 300 50 5 
8000 900 50 3 
3000 700 30 4 
800 60 7 
8000 400 10 9 
8000 0 60 3 
4000 700 50 3 
4000 0 0 8 
9000 0 90 1 
7000 300 30 3 
1000 200 30 4 
8000 400 30 8 
1000 700 30 7 
1000 200 20 7 
9000 100 80 8 
40 5 
4000 600 10 5 
800 70 0 
8000 200 0 8 
2000 400 30 4 
1000 600 60 4 
5000 400 0 8 
2000 500 70 8 
60 8 
2000 700 70 0 
20 9 
1000 400 70 8 
1000 100 0 6 
5000 800 70 5 
3000 900 50 0 
1000 900 60 0 
4000 600 0 8 
200 10 9 
4000 700 50 5 
8000 400 30 9 
2000 600 50 5 
8000 100 20 0 
3000 400 0 4 
100 0 7 
6000 100 80 0 
6000 900 30 0 
7000 800 60 7 
3000 100 70 6 
7000 0 50 4 
5000 800 40 1 
3000 400 50 5 
2000 300 0 1 
3000 900 30 7 
2000 500 90 9 
300 30 5 
1000 900 10 1 
3000 600 0 1 
1000 0 40 4 
9000 200 30 3 
6000 900 30 8 
8000 0 70 5 
4000 800 0 3 
700 60 9 
200 30 9 
7000 800 50 6 
9000 200 10 0 
6000 200 30 2 
4000 800 80 5 
9000 500 10 1 
3000 0 70 5 
7000 0 20 5 
1000 500 50 9 
5000 800 0 3 
4000 200 20 1 
4000 800 50 8 
1000 200 80 9 
1000 200 60 6 
8000 500 80 9 
9000 400 20 9 
4000 200 80 7 
2000 100 70 3 
4000 500 40 9 
8000 400 70 5 
9000 0 30 5 
6000 300 50 3 
1000 700 10 9 
2000 800 40 3 
9000 500 60 5 
5000 800 10 0 
8000 300 10 2 
3000 900 70 7 
6000 0 80 6 
300 20 0 
800 50 4 
2000 900 90 4 
9000 400 0 9 
900 60 9 
300 50 8 
4000 600 80 0 
1000 100 0 9 
6000 200 70 3 
4000 200 90 5 
1000 800 70 1 
9000 0 50 3 
1000 800 10 0 
5000 500 40 1 
2000 500 80 1 
500 70 5 
8000 700 30 5 
8000 500 70 7 
6000 800 70 8 
8000 300 0 1 
1000 500 50 3 
1000 200 80 8 
5000 400 70 8 
3000 200 40 4 
3000 700 20 3 
7000 900 10 8 
7000 700 30 3 
1000 600 90 6 
8000 500 0 7 
9000 400 50 2 
3000 0 90 4 
7000 400 10 4 
200 70 4 
3000 0 60 0 
200 70 9 
8000 100 80 7 
7000 300 50 1 
4000 100 80 4 
1000 900 0 3 
6000 600 70 0 
5000 300 90 6 
1000 200 60 0 
2000 100 70 6 
3000 100 50 1 
6000 600 20 0 
6000 900 40 1 
2000 300 60 9 
2000 300 90 8 
6000 700 50 4 
9000 500 50 7 
4000 0 20 5 
700 0 4 
9000 400 0 8 
200 30 0 
2000 700 70 7 
7000 100 30 7 
8000 800 0 7 
6000 500 40 1 
4000 700 30 3 
5000 200 0 2 
2000 0 10 2 
6000 200 10 9 
6000 100 30 0 
3000 400 60 5 
9000 900 50 6 
4000 600 60 7 
3000 100 50 2 
6000 900 30 0 
5000 0 70 3 
400 0 6 
8000 700 20 8 
5000 700 80 9 
8000 200 90 9 
3000 400 40 7 
5000 600 50 1 
3000 600 30 4 
7000 500 20 6 
200 70 6 
8000 0 30 4 
6000 500 90 2 
7000 800 40 0 
1000 100 0 6 
4000 800 0 8 
9000 700 50 7 
600 20 9 
2000 900 20 9 
1000 400 70 7 
8000 800 10 0 
5000 400 90 8 
2000 700 40 6 
5000 900 60 3 
5000 300 0 7 
9000 0 20 0 
600 0 0 
700 0 6 
4000 0 10 0 
9000 200 30 6 
6000 700 10 0 
3000 300 60 3 
5000 300 90 8 
900 90 2 
1000 800 10 6 
1000 200 40 3 
600 80 3 
600 10 9 
3000 800 20 3 
7000 100 60 3 
6000 100 30 2 
3000 900 20 4 
6000 400 20 4 
5000 0 70 4 
7000 300 40 5 
1000 800 60 8 
200 10 3 
9000 600 40 0 
6000 900 40 4 
3000 900 40 5 
3000 900 30 6 
5000 600 40 7 
6000 100 40 2 
4000 700 60 1 
2000 300 60 5 
9000 0 30 4 
200 80 6 
1000 800 40 2 
5000 100 60 0 
1000 400 0 9 
9000 0 30 8 
5000 600 80 9 
7000 600 70 3 
400 10 3 
2000 700 90 8 
7000 800 20 7 
100 10 1 
7000 400 0 7 
1000 200 70 6 
3000 100 20 6 
5000 800 0 1 
8000 400 50 6 
1000 600 30 2 
200 20 3 
5000 800 50 3 
3 
6000 700 60 0 
300 60 2 
8000 100 30 6 
7000 600 60 6 
7000 900 80 0 
4000 800 0 2 
3000 400 10 1 
2000 200 30 6 
6000 900 80 1 
7000 100 0 3 
20 1 
2000 200 60 0 
7000 900 30 9 
900 70 6 
1000 500 40 4 
3000 400 80 1 
6000 600 60 1 
3000 600 0 3 
4000 900 20 3 
8000 500 80 2 
8000 300 70 7 
5000 200 50 0 
9000 900 60 6 
900 0 7 
8000 500 80 3 
1000 900 20 5 
2000 500 70 4 
300 90 0 
9000 800 60 1 
7000 900 10 5 
9000 300 50 1 
9000 800 10 8 
500 30 6 
8000 400 90 9 
2000 0 60 9 
3000 300 20 5 
9000 600 60 8 
9000 0 20 3 
2000 200 0 1 
2000 100 90 3 
600 90 6 
7000 300 40 3 
100 40 7 
3000 0 10 6 
7000 800 10 6 
7000 0 40 4 
