9178
4086
6450
2740
8333
9769
876
3009
5262
1325
5424
9787
8266
7439
7929
9662
5396
4127
212
90
8308
8778
7593
6149
8899
9920
5279
496
5259
3213
4325
1910
9063
22
7705
7440
7689
7413
2462
1132
1388
7020
1624
5540
6892
1244
1561
9892
9865
1397
9258
3005
3766
8243
931
165
2479
2802
6980
6271
8455
1286
6664
5932
267
6447
2436
9091
5428
228
3561
7840
1061
9639
1301
4906
7987
7201
7210
8518
4461
4893
1788
116
251
4448
347
8277
9609
7465
9317
9473
2479
2806
8989
957
7386
4723
8555
8691
103
3289
2489
6692
42
1744
2478
7648
5616
6798
8720
8826
6445
5692
264
9846
7725
6417
8253
5596
5719
7347
9041
6183
4857
6119
4254
2827
6714
9340
2937
8085
2753
3769
6757
4015
8685
760
8354
1248
5792
5956
7387
6140
1172
3540
591
1938
1511
6410
6239
6639
2552
9717
3754
7494
6136
1908
6003
9145
9102
7609
1049
3458
2221
5400
9029
1245
1920
9065
3216
3237
1769
7788
5967
6744
8999
4539
5752
4455
1407
2739
1872
383
1138
2757
872
3515
6377
8431
9836
684
9026
9378
5744
9793
9986
9664
1270
6709
6837
8166
1126
9512
5793
7941
7796
103
6570
5106
504
7516
3477
4587
5395
7448
9436
520
6004
3376
4033
5737
5780
4598
1179
1940
3860
5464
7219
6326
5598
3202
984
7654
4587
7411
4174
177
8965
1634
2164
3565
2546
8956
5591
7052
8033
7998
5242
6866
2105
6048
6848
1131
2569
2493
8439
3806
5731
518
1588
7866
6467
8266
1268
5519
6478
7368
6458
7528
2684
9677
1198
4241
1924
3980
4606
5033
7052
5639
8255
7340
5185
9113
9685
876
2482
5576
8944
2245
9673
1015
1324
5949
3454
1613
516
3870
4818
5549
5706
5793
2215
5044
3418
6056
7012
7508
1943
4128
3472
7172
8795
2711
5836
3764
3078
6757
5032
4956
7405
5565
4627
8159
1239
634
4665
9217
8542
8779
9924
6284
1722
9580
6482
7392
7754
4145
710
4328
6416
8378
4478
2039
7611
7717
7696
6961
5083
6452
6097
1777
8913
5694
4560
8303
6920
2118
4858
5695
4977
2270
174
9505
9569
2424
7909
438
8630
4141
7586
6762
9495
5144
9785
1271
7181
8930
8291
132
1063
3863
3827
6929
821
154
3637
2743
5461
3889
1770
4073
88
104
3365
4992
8711
6032
5823
225
5995
6376
3967
6436
5843
4540
7636
1022
3142
2811
6116
1578
4487
8505
9081
164
432
9256
3251
5421
4905
3100
6745
9628
4491
2844
4398
7526
5034
6104
1567
570
1728
8195
8736
7155
8937
224
8343
8626
5869
384
8898
640
9527
8286
727
3672
9669
1785
9099
7643
6108
1568
2912
7307
5122
6931
5721
7087
3647
4338
5046
4276
1985
7375
7112
3471
1026
9004
5170
3057
630
703
1341
6986
6175
3611
1525
3168
5207
7201
4689
7407
4406
5684
4492
1850
914
2980
4396
9857
7736
7049
3590
2219
5255
9104
9495
102
1026
5910
8919
614
5855
1523
7681
7819
5202
2951
9457
2289
8658
8860
1172
7849
912
8482
658
6531
4803
8269
8976
2775
3529
3105
779
915
4280
3789
8686
4194
749
378
6176
4592
9151
4105
427
5037
9779
1606
8903
9801
4397
3536
4276
1031
7494
4428
6049
8818
8011
8256
2421
5478
9594
6289
6380
5754
6261
6284
3574
6256
3219
4582
6068
71
5808
5520
8968
4781
5879
4319
7129
4569
9273
5943
7602
2491
5102
2449
7825
1410
9848
1535
3334
9547
3273
6342
2390
5609
6220
9010
7483
7218
7793
5393
831
272
8945
5315
3008
3405
2954
7424
4958
2739
8347
6726
824
9236
1143
4538
648
8631
3243
1768
8506
2353
7204
9829
3889
5683
3871
6646
2294
2323
1465
5291
7449
2913
2841
6051
2768
4068
5512
4872
3819
327
7115
7688
6899
491
2521
1466
5954
5298
9302
9201
2379
5677
4954
263
625
5260
6365
8141
8768
9433
2077
4405
3549
446
5792
4538
4341
9124
5123
4893
7770
2161
555
9642
3098
3326
43
7178
1921
8390
8366
3511
3878
8622
4260
2988
6339
777
1012
6376
6333
7421
4298
8671
8810
5101
6186
5210
1625
7386
5920
7209
4019
5551
2864
7225
123
2051
6772
9181
8547
4844
3171
6883
8649
7906
9007
1989
2196
4232
3932
7025
4715
1876
4820
9087
6140
42
5940
5813
2466
1518
5405
6302
9267
9888
9965
3574
7491
7747
7987
6840
2032
1645
5822
8263
6482
1658
7601
151
9638
4266
7546
265
3125
7870
3555
5413
4461
9010
7185
5976
2812
379
7877
1179
3303
5480
1869
3621
9381
1001
6975
3115
5741
5903
2970
6524
370
2292
3774
8593
1335
7417
1038
8533
1898
8602
1056
8173
4287
1399
7728
8764
2546
9082
5187
7452
6376
2884
8882
9624
155
7580
4718
9179
4834
5512
4988
2015
8260
1118
4594
5479
2317
508
7887
5994
1303
7578
8528
9939
808
3498
4203
8373
5386
9696
835
8155
3620
3315
366
1823
4282
3096
9215
5660
5406
6835
2048
6442
8895
2597
7126
3051
1651
2008
3688
1325
4148
7572
6727
1015
1992
1527
6500
9745
3925
8973
2605
3740
1608
1180
2010
7501
8147
3632
4640
7682
6490
3222
2852
6502
4978
4111
4291
2508
8140
2799
8323
2471
3977
7416
6748
8889
9752
5364
5789
2889
1000
6367
3411
7399
188
7135
6873
1587
3671
3561
5615
8221
6910
9048
6986
1421
8775
2441
6923
5547
867
1401
3566
3245
7855
1117
8100
9325
3438
30
1532
32
1443
8618
5125
9443
5735
7908
3744
7329
8345
465
2953
6009
4946
8109
8566
401
3355
8150
4424
3214
1508
3471
1139
3134
1632
3454
9634
8425
1204
9400
4110
5746
8975
4667
677
8051
5031
7032
9438
2919
5252
5279
6845
4111
8068
8875
938
1521
4220
647
463
2442
258
9309
8968
3472
7209
3559
5455
3995
618
7281
583
2461
9912
4561
1460
6893
3738
1679
6759
3662
8026
3697
3657
2801
6117
8384
5474
1703
4410
4773
3315
966
2451
986
7921
9975
4483
7258
9663
3734
470
5576
5762
7400
7349
5667
5766
4588
5468
3380
6992
2143
9717
9412
3024
6595
6811
5130
4283
9351
5011
4097
5517
6833
8013
7596
8656
2242
5404
1063
6908
8853
2454
242
2134
5352
9196
6081
9271
8622
9887
5349
9039
4889
5365
6770
5806
1741
8867
1246
5346
8470
6830
8777
5965
6622
5722
7603
9380
1693
6531
6410
9738
7018
7372
4622
6505
8211
4397
4315
8811
1452
1990
1920
218
631
8594
5821
6702
7973
3272
4633
2779
3248
3005
1914
3325
7150
7417
2913
8028
1264
7378
7117
9299
1210
8400
6131
992
6290
8347
4758
9468
478
5187
6814
8446
6824
8662
1576
7248
6841
6144
5395
5918
9837
2821
3885
6359
1389
4441
3015
5039
1413
2347
3682
2017
4262
7754
3123
8830
2542
3965
8421
3196
9372
4115
9348
9986
5230
1638
1316
9658
3634
5495
3592
5511
9920
8946
4673
549
3720
2924
262
4750
1369
9562
5644
3481
4987
4065
6264
9636
169
3107
1478
1523
4122
8518
652
3585
5831
8712
6515
6912
2478
9047
194
4207
747
4456
8791
428
5176
5818
1741
7818
1441
8932
9991
4314
2148
8395
1585
2014
2438
8519
4835
9334
1548
2842
6031
8944
4154
6369
6918
7501
7119
1185
5372
9940
6887
6980
7149
7229
6347
6801
4701
9832
6967
3719
1903
6078
5835
6688
3288
718
9235
4072
357
9750
8074
8937
3635
75
6049
1473
1890
59
2324
9630
1660
2758
1153
7070
9438
7326
1520
395
205
9769
909
8254
1148
3344
3744
2225
4560
8294
3681
810
9036
8188
9498
4325
4699
2890
3127
1140
6052
5260
9362
3439
8033
3026
6196
4798
2999
274
2822
4826
9864
4660
3322
2449
4917
9387
2291
2923
2388
233
5980
4154
364
9634
5192
4818
4406
8959
4384
7801
1602
3851
8262
4125
4308
5354
928
5293
6790
1191
4112
2967
9471
9615
108
7556
9207
2098
6740
2947
4420
5984
8455
7169
4305
4815
8061
4203
1749
3679
9160
5780
192
87
8050
7391
7812
5324
1143
1241
9231
4282
5272
2406
8595
2887
5126
7885
8078
2398
7411
387
2080
2023
4201
4441
5807
1409
28
1181
198
4732
8
3908
6583
5780
1390
6318
1863
3519
8021
5253
9271
3855
9403
2848
7341
1817
9530
4423
9470
4266
450
5041
7355
8999
2285
8187
3611
1208
7505
8042
2512
4833
6323
5725
6989
5414
7034
5727
8653
8398
5843
5060
5131
13
6003
6530
4730
5252
2901
2803
3661
8095
2296
9094
3178
6334
8889
8769
6110
430
9588
9006
1054
1382
2482
4841
7239
436
5125
6610
4534
6423
5753
9347
6592
7451
2279
6107
6988
4650
4613
8010
8249
4787
3916
9871
6786
5646
5711
1398
3041
9374
9059
7649
4636
3353
1841
3455
7888
1479
5454
4049
2921
2453
703
622
6205
8942
7706
4751
8466
2881
9350
6155
1254
7917
5076
8741
1751
3713
4723
846
7557
5295
5138
8301
629
1674
5924
8010
8089
4622
559
2107
2905
4036
8555
6013
4833
3783
1071
9695
9406
5466
356
2259
8779
24
5350
3794
8715
8266
3648
4142
8047
9330
1753
4272
7585
9665
7881
3231
2825
2532
2626
4448
6441
6841
7903
1733
9224
8054
9470
4449
1092
9044
778
9334
3555
9496
4876
701
2274
5543
754
782
688
9155
3756
7867
7658
8026
377
24
9673
9777
7473
3962
1498
2965
3608
7072
4631
7220
1357
1466
7380
6625
7991
1021
9112
7932
3377
4813
9943
1261
9832
4886
304
3206
2790
1536
5548
8400
8283
9905
1116
3680
5918
9474
4376
373
2287
8549
2570
2010
1646
7836
6564
7972
489
6478
5899
3263
3362
7570
2720
3876
5374
1016
1655
64
8521
4631
2429
8224
2790
2844
5213
9396
5559
4943
5242
8335
225
2582
5538
480
9614
5697
7240
3412
1755
3125
2448
1916
2078
8883
8416
4233
5616
1578
5311
3796
3099
2332
5497
2436
2210
2142
7392
4073
938
433
5252
6202
5696
4592
8109
3872
4906
8953
2445
8113
1082
9606
1520
5646
9055
8795
7350
6353
5884
919
2572
2477
3357
8820
2526
3662
1867
6868
283
6755
6323
3529
7203
1700
7656
8807
1757
7343
1587
9658
6106
3441
7941
7417
3738
6885
5750
2506
1403
6859
2538
5655
1975
7769
7189
2385
3062
7591
3230
4923
1015
746
5932
4444
1862
4562
8535
3449
405
4871
2109
6820
5315
7142
3089
7431
6365
364
1622
8087
7899
1214
4063
6579
9807
3641
1543
2634
9332
4115
6632
6352
2525
9399
677
7795
8905
2825
3892
8259
5417
2667
5722
9630
4440
1789
7002
3127
2978
1060
2396
1975
5272
4917
1143
4563
1111
3352
8980
5686
571
8799
1132
3606
4779
5712
7631
4693
6916
3964
7943
5408
9323
1019
2029
2118
2887
3224
8341
7339
5801
8789
9628
4773
3877
2386
7351
9110
9976
2623
6864
1414
8612
8354
8753
2573
3262
7731
7080
9225
5085
9382
1836
8446
8632
54
7632
8326
8220
5883
2653
785
522
2856
6051
2852
3657
9110
7167
2880
3983
4762
2659
490
8178
3115
6568
2988
2222
9994
7019
4752
1660
4303
8457
1490
2859
7648
2148
3472
4426
3284
7059
7478
4119
3305
461
5996
7564
4736
8059
6813
1088
5817
3031
2463
8564
6370
9338
2102
6515
31
9706
3139
8568
8522
6898
7370
4330
7502
2170
1706
8475
3192
3381
7417
8952
8995
1132
5859
5315
4045
4714
4430
2270
5754
4160
6274
4098
7424
6644
2383
1761
3236
9537
6800
4748
6906
4006
3166
3629
6891
285
5589
5669
7060
2009
9235
5116
9296
7559
1029
6090
1136
2081
5518
7195
372
8054
8889
184
4779
1827
9392
5911
4059
5567
2838
4259
6092
5562
3935
5448
7961
7968
4774
1655
8818
1498
1296
8122
7606
5722
8025
9771
3587
4323
9495
7848
4523
8909
1440
9028
9168
3216
2531
3598
5582
5160
9695
6955
135
2970
5021
6659
2685
1614
6567
7898
9204
5133
2455
6605
6982
2974
6280
9830
3870
2787
752
808
8695
2026
5138
6006
4133
6668
3493
4916
1235
6076
1153
9804
5687
4122
8194
951
3152
4674
5085
8822
5329
9408
6499
402
6727
2699
9945
5426
4512
9819
2493
9602
3317
6315
6985
3582
2588
3745
5107
7267
6087
4283
5411
3702
8547
2086
2845
6280
6360
7755
6670
4659
5374
3024
961
8673
1029
4640
9779
6067
8783
3335
858
9208
5230
6730
434
6370
3133
6504
7877
1953
8182
6984
425
8420
8857
7075
3772
685
2617
1371
3621
3824
8285
4888
4167
5149
4984
1289
6770
4722
8315
5956
8248
2184
9917
2500
7450
2155
1968
6842
1895
1415
8176
5838
6722
2684
6845
9368
3603
2035
2788
516
8478
6395
9518
963
6832
630
7188
4853
112
2803
2023
9573
81
1487
8720
4078
2047
9421
531
3522
4623
7759
8374
8550
9607
784
4722
4767
8270
5617
7493
6124
6594
71
4764
4239
9176
3193
3786
7631
7451
5171
1691
7167
6777
2876
7920
7938
1823
1774
1644
6947
3271
6582
8883
4098
7540
4692
4471
5253
3826
825
1071
5755
255
295
9361
5840
329
2878
3932
2293
6479
2469
2282
9173
6128
7615
6065
7363
5275
4965
8141
1692
6095
3243
2005
907
7136
4797
2687
9389
5074
7278
8542
9779
1360
4691
4989
1053
4426
9927
3005
719
4989
4287
8755
8136
6187
7616
3549
8148
3491
6281
9241
9386
1823
5092
5657
3436
531
7636
3830
8109
5536
6577
1993
9889
3239
6223
1863
93
1569
8336
3992
7864
5246
5468
1811
8778
9681
6168
9492
5224
9695
5538
4336
6409
5281
4800
6888
109
2377
485
9322
7301
4236
2406
7898
3246
4032
180
8535
5043
1388
1925
695
1837
6696
8486
1106
5498
7389
4165
7823
5802
1111
1597
8148
8155
4790
3077
5552
306
6393
8073
7035
3262
3031
984
1001
7093
2211
2100
8546
4672
7360
6498
2502
1828
8474
9487
7007
7867
1209
6078
610
9593
148
4686
1763
1882
8437
1566
6033
1450
8211
9052
1047
5311
5216
5435
663
6255
7094
3427
4394
1605
7979
6902
3403
4039
3103
6215
4102
5731
9538
3267
4553
8281
5391
4533
5460
1419
6791
8503
4626
6718
5459
2682
7124
4658
2687
2292
8903
9890
987
4148
8902
4164
1730
9095
6263
2961
3141
3
3521
8300
4394
7451
4503
9394
6685
1294
8213
3330
4052
9974
2660
3266
5629
6807
5109
2473
2325
6650
7304
9389
2560
8045
5604
5912
425
7430
7046
7243
6449
1042
9180
7155
1480
3355
2548
7601
2867
9557
4291
9440
5770
9700
1734
114
5823
3156
9610
5938
9686
1410
168
602
9197
3116
7145
6919
1825
2259
8075
3944
6435
2185
2773
996
4222
200
5900
7833
3628
9976
6845
3166
1225
6844
99
5637
5912
9071
3278
7910
4870
899
479
7871
4542
5582
7427
7156
8353
5726
7973
3277
7257
693
3214
763
5841
8271
5017
2970
4012
3194
6305
5756
3904
2557
2196
6189
4551
8809
1578
6044
6943
2112
520
3693
6157
5106
7549
2591
8450
4393
4708
173
1196
8370
127
9909
7487
1371
310
5501
5694
3788
3192
7900
9506
6232
3723
5358
5902
7662
5101
9257
950
7082
9506
1079
2212
6777
765
8947
6307
9067
902
3597
8236
944
9915
3055
5643
8410
7175
7423
2099
5766
4664
5714
7815
796
6764
6796
5202
9599
9070
2464
6835
7595
4972
1703
3392
5850
3259
9357
7183
443
8631
4016
5389
5185
3233
155
5115
3010
5643
3946
557
1464
5381
3406
1849
3955
9181
13
9230
5683
2322
136
936
1385
6290
530
7887
4379
7705
3561
5274
3224
8827
4813
5103
7087
9489
8487
5416
4923
4549
7460
5369
6280
1568
1788
2398
5512
896
9023
5328
2227
8700
717
5178
3487
5358
533
6069
9716
3820
1149
1510
5803
5688
7553
8099
2087
6865
6626
3560
8042
4451
7269
3698
8877
8615
929
780
8255
4430
1932
1453
5356
1288
2743
262
694
2797
1606
5798
2631
2795
5808
4010
3709
3381
6395
3425
7209
8681
5902
4033
1378
1218
9708
4560
4023
715
4785
4012
9281
3226
281
2712
8500
5210
9355
439
8578
1953
1158
8205
8755
278
8809
7594
1609
7444
1358
7166
9056
1171
3716
7828
340
3418
7240
2489
6071
5703
1541
6916
328
6406
9432
128
2063
4562
7740
2917
7195
7645
1925
9901
4410
8189
5086
146
741
3898
6505
6169
3608
8398
8320
5116
4113
7670
6362
4323
7099
791
9853
7448
6123
3969
2294
287
7048
7235
7391
7439
3207
5280
525
2093
2126
299
2366
2409
4469
6446
7548
8587
9062
8109
60
1237
9671
5855
4003
1985
4104
3972
8742
5338
2785
6629
3368
8575
1098
7038
9023
4218
9900
5748
7821
1352
6974
9281
5542
3473
4797
3295
3684
1584
6937
6130
3624
8444
953
3514
6489
1151
9458
1280
3073
7317
8782
1977
5939
1957
8523
8322
2726
5837
9519
5998
6082
6544
9825
2468
4538
456
5446
692
4245
9411
6907
1415
586
6782
3361
2298
3741
486
1795
9329
9085
764
5459
8324
3325
2488
1261
5012
8733
8953
6438
5239
8621
4971
3597
5398
6076
5143
4110
3555
4798
2447
2892
7709
697
3361
1784
7361
5892
5436
7687
8501
2389
3339
217
9836
6171
6110
4641
9585
5172
917
6946
3763
295
2501
6083
8807
3914
2413
4822
1442
6275
9079
5133
9722
1337
8144
1980
4946
8406
7251
3947
2107
4311
8072
7352
567
543
7323
3904
2348
2782
6814
2715
7767
4076
4100
3829
7274
9722
8300
9605
3060
3874
8356
8853
4378
9316
5548
8924
6264
3974
4701
838
709
1388
5877
5939
4327
5198
7803
9137
8015
8133
4057
8196
8540
3141
7571
5266
1354
4087
854
5974
7416
6861
565
6851
9597
7298
1803
8957
5338
4778
9876
4479
6692
7642
7935
6586
1187
9294
6414
7267
1380
8615
6294
3315
6194
9214
9549
7478
6482
9346
5206
3645
4559
3071
6805
9283
40
9978
112
7368
9993
6285
2981
9913
6480
6486
3637
2534
2880
8749
4447
3034
4015
9558
4657
3146
4494
6844
5580
6368
1784
7858
7801
6162
7822
6944
5716
1294
4412
7779
5600
8201
893
5100
6217
4383
3667
575
6141
9344
5652
961
8713
3392
9350
8029
5721
5549
3825
3112
2870
3995
6498
822
8008
9653
8552
6725
5476
8820
4806
9303
1676
6464
7477
9161
1364
4186
3628
3987
4862
886
6285
7657
2427
9355
7699
8777
4095
4860
1889
5860
9899
121
8826
5615
1958
5509
7827
9369
8916
5386
2702
3749
4181
1753
4902
2891
7645
6961
1740
2289
1160
3756
3975
9961
5150
8640
5194
3374
531
6501
3807
6072
1690
6362
9855
7613
24
354
5380
9389
6265
4633
4222
8881
5134
5493
9539
6322
5474
3754
2999
9055
8190
8494
2011
1543
5074
5686
549
8850
9858
3258
3859
3589
8357
8274
1774
1407
5094
1756
3847
4809
1668
4059
5449
8504
9259
8544
5081
8450
289
7597
5050
3743
3423
6810
1554
3824
4027
9789
6633
5507
8234
7888
2475
6770
1167
6462
5388
1957
8310
5674
1107
7516
7515
1443
2094
745
6493
4399
2987
879
1866
2138
7138
6519
2022
4049
7863
3521
4108
3798
6419
6250
538
7647
5686
5629
4545
3492
9564
4562
6975
3401
7391
6704
4635
6543
8115
6471
4910
7119
4027
3859
6509
1400
1290
6512
6543
6033
6175
6841
4873
547
8829
9448
5857
5817
582
9555
5565
5979
2012
6380
1600
5423
6096
6511
4730
9394
832
6260
5024
373
7969
8871
8066
3276
2768
5584
8205
4329
6456
2084
2421
266
6685
8947
8734
5578
4298
5504
5899
5459
6700
2955
3962
9347
9539
3215
7622
5317
7118
2578
7160
2270
2080
1073
6511
2275
1176
168
8156
3190
6257
5492
3805
2336
419
7208
2261
1948
7949
3869
4651
9508
3743
2748
7579
7499
1954
1754
6775
8486
9058
5352
3678
7967
8158
7400
944
3746
9569
6338
4093
616
7295
1069
6734
7363
8547
5371
8148
9068
9108
8019
2762
2187
9374
8227
2188
8254
9856
1085
1993
2371
3463
1631
7338
4521
5807
6327
4015
8729
753
9231
80
2728
5639
4791
7267
1605
5435
1267
8926
4824
532
9805
8610
1199
9445
1576
5575
6160
7757
6689
6930
4931
785
6586
9395
8259
490
1889
8842
8683
1177
8969
6387
3238
7501
9169
4450
6230
1060
6446
1008
9602
5196
1134
6294
3640
8399
3566
7299
6678
7765
7381
4008
7337
981
8522
532
5274
6231
3913
15
9474
4207
2408
6918
6401
7497
8717
8183
9154
2600
4163
9586
5178
5317
9136
4528
4264
2051
7600
4209
1014
9992
1708
4023
978
1526
8132
4563
6710
1184
1841
455
3104
2623
5843
2072
3438
9492
5583
7525
5656
6199
9500
9247
100
9026
2624
2817
3724
4034
1932
3610
4822
4799
2271
398
2196
4859
99
1674
6102
3775
5470
1154
6824
3436
2675
6015
8275
4393
2298
4782
652
3709
1942
882
8938
7003
1005
3420
4470
6319
656
9092
7296
2008
8548
4766
2577
6166
9030
7713
7396
124
3975
174
9408
7370
3799
4163
5299
2316
8572
1193
424
403
8115
686
8655
6104
4590
7955
5269
2552
3522
6937
5179
4475
7151
5760
9242
7633
7247
3009
8550
3184
4805
8932
1335
8162
5353
2497
370
951
988
2103
3833
4061
8760
3065
6340
4168
9800
1896
8007
3444
9054
6900
7279
9302
5579
5590
1211
99
5351
3566
5510
9891
9144
3116
6902
1846
344
6608
1928
8409
4970
5856
5820
8725
5913
5253
770
6638
9343
7823
5937
6070
3697
459
550
4548
5614
5975
2879
1759
4875
6265
9938
6373
3118
2037
6119
3430
9294
5652
5261
6620
6057
3176
5700
1837
3811
439
8350
9328
2934
6278
7128
2514
7298
3755
470
4539
2896
9976
947
3659
2340
9886
7821
7914
9536
9598
7486
4506
1659
1045
3580
3799
1639
9261
7602
5923
3530
6951
5793
8296
6384
1171
7936
5936
5372
304
4189
764
5108
9289
1808
4258
179
4553
9380
1047
9110
5342
4163
8214
6949
8118
2555
239
9696
2647
5142
8726
4890
4006
660
4052
5742
9885
9128
2617
5668
5209
6310
7933
8345
3411
8502
8253
174
33
236
9116
3121
6127
3757
2189
1255
8540
4609
4196
561
6502
6644
9597
3591
3890
1907
4869
2684
2304
5109
3262
1046
6350
6306
8749
3793
3833
766
8723
7730
7875
9605
9927
4483
8911
3419
6018
5614
2089
5087
9945
56
3548
7234
8954
3011
82
2506
1577
1495
3244
2116
3627
3473
3953
2471
9083
6592
9597
9034
1163
2125
3738
8657
3488
1151
7840
3269
1325
8485
2917
5215
5635
8791
1523
3750
3849
5899
2064
3017
6374
8774
9309
7995
4609
1637
4253
2660
8454
8656
9963
4704
1838
7968
915
9203
1828
1780
1139
4261
4654
5605
3622
9140
9599
1138
8858
8712
3718
2018
7241
9675
5961
5198
3462
2663
9205
3442
6292
6222
8284
7144
8251
2796
9844
4565
7902
5210
3054
4903
3766
8075
5009
9303
5084
3305
2353
658
9911
1458
6066
9205
4602
1887
599
7640
3746
1728
3084
5326
2928
4895
8623
1089
257
6915
4201
5997
8555
3580
5631
8866
5727
8737
5645
7458
8722
9252
835
5978
7925
108
2645
7959
4855
1361
3627
6055
9162
9835
5997
2769
5316
2802
1672
1814
5122
7556
9431
4656
8485
229
5082
5266
6524
270
3958
221
513
2059
135
495
5594
6996
4453
9893
627
8941
6872
6751
5088
3392
8099
2448
3071
7355
7923
3459
4256
3035
4918
5742
3749
4900
281
721
8224
8107
5649
7473
8721
9121
972
5594
2014
9264
2469
4759
7619
1646
7694
7639
4943
5817
5185
6951
5672
6067
4081
8863
2023
2363
9380
7508
68
6975
6089
7029
7674
772
6585
3045
2888
4823
471
2388
815
2235
7458
9959
9023
1779
7112
3429
2210
7067
6974
7190
9517
2621
3938
1052
9402
2292
9010
6404
3560
7532
5866
2917
6033
8235
1288
6607
9167
1430
9988
7051
7169
6693
7638
4834
593
1448
1435
5743
2299
9629
4036
6385
4999
2844
5524
4858
9031
5339
6706
3946
5616
6452
3919
2334
5759
4800
3945
913
6652
2784
6473
8794
9039
2217
2272
8210
7257
3175
3404
6184
4320
5132
6611
8705
4156
4414
710
744
2057
2063
3817
3243
3121
1216
7766
2057
9807
8005
6457
9201
7260
3472
8479
2588
7015
4499
2049
4955
7398
5989
4858
503
9264
6491
5305
7962
3590
8378
3842
5434
9983
8644
7033
3563
1221
8582
6237
5381
6052
4065
1574
197
4229
7033
1072
7060
3334
7234
8505
3652
8187
1345
5938
106
4068
3048
2535
7483
1188
8950
1827
6724
8360
7033
5140
2607
2392
2137
7271
7659
5339
8102
4824
2637
2224
195
9662
8278
7797
996
15
1021
3202
2696
8837
5362
3474
4770
413
9805
4261
1371
7102
674
8310
443
6963
2225
4707
4368
9569
8324
717
2302
8017
3843
8165
7941
5943
9861
9365
4956
6616
857
2363
6508
3133
8888
1329
1360
2590
8112
1002
7732
5782
380
2758
3869
1732
5999
8936
4593
6757
2242
7362
3177
9931
9258
3414
4314
746
2059
4701
8018
8985
5505
7199
8899
5658
113
6483
8266
5498
6089
4173
4020
7741
4359
2217
1775
2436
4940
6200
23
4309
527
612
4881
3683
352
3867
4340
8538
1234
6546
2332
2344
6397
4470
8789
9183
7457
3008
3505
2716
2256
9462
3270
2259
2932
2223
3210
7457
9606
3402
3137
8543
3031
7375
3046
2985
3675
6956
8770
5379
1434
454
372
1979
8793
1497
4533
4937
4933
3961
8460
4260
3876
2779
7155
9765
691
6459
5212
4368
7673
9218
6438
5864
2731
6316
9135
7404
8243
4488
5833
2954
9384
9495
3796
1952
8833
2866
6669
4116
897
5019
3022
9038
809
6941
8445
3291
4501
8345
2766
782
9709
7072
8218
5645
2790
9380
4078
1973
2808
6524
2502
1113
379
4877
6376
9624
6843
9886
4927
9977
3422
600
3051
588
1432
1088
9230
1434
8704
954
6321
3394
3569
4798
3111
2632
237
6038
5803
7766
6225
3741
1779
8168
4816
6757
6219
9572
2946
665
5003
6770
4603
8691
225
6647
4948
1544
1493
4132
7958
5466
4732
2022
2990
1585
74
849
8241
6774
5856
6918
4828
7458
3173
9194
9521
1519
8086
5276
1684
9175
6756
235
8303
903
9124
1717
6280
4013
2653
4371
3623
7218
6563
5228
7120
2176
9837
8993
591
9111
1095
3998
6732
6888
4307
4636
9182
5288
7018
4374
9223
7293
7798
3527
5959
828
7878
6180
4622
9404
4740
6166
549
9744
599
8268
3627
9984
7942
9115
8897
6886
3174
7265
194
7280
6602
2304
8827
3008
1606
1981
9524
6187
3765
2145
2114
4331
1739
1254
5327
3710
96
859
3099
7503
6619
6705
7482
8301
3071
9205
1298
7217
9017
278
7988
6037
7966
8527
508
8001
4570
2597
6148
5577
1954
6440
4389
1344
3339
6045
2154
5931
52
6847
8962
6727
2854
1810
5159
8653
4683
2268
5187
9520
4693
4498
7559
2783
7185
6737
2409
3196
1978
3820
2765
5888
3476
8089
2307
5162
3745
9277
1134
6420
50
4564
1043
2182
2536
9125
4672
2548
8626
2824
4478
5362
6006
8723
3011
874
5109
1144
4259
6782
1950
1443
3762
1108
9543
5145
5396
9727
601
4386
5692
4457
509
2364
8141
2646
6306
1251
7445
608
2651
5430
7162
6683
4787
725
2335
6422
5687
1430
7628
6667
6183
4849
971
2006
9194
1058
9480
6990
3853
7566
3226
1623
6060
7055
5019
5812
9251
1181
6851
5027
3537
4118
6957
2804
4520
3920
3075
4665
7128
7394
8030
5723
6330
7865
4662
970
1441
3429
1069
124
3808
1700
6009
5523
2273
5707
3271
6209
447
4575
3820
5121
4959
2536
18
4284
3755
2203
3681
1601
4009
4460
9207
9656
1132
7310
4120
7522
644
2614
7955
1832
256
5078
2423
9357
3286
488
5277
9664
4055
4446
5140
8621
6266
6770
4372
5666
1706
6493
5425
2133
815
7179
7964
4171
3772
673
7402
2644
8990
7203
9943
5499
2844
4829
589
145
9481
3369
1878
8472
9525
9315
8761
5013
7153
5576
5615
6765
757
5944
400
4270
4940
6040
7091
8963
7976
9202
3184
6280
6557
5155
5776
4347
1006
7046
727
2290
8553
5564
6598
6431
5731
9093
3461
2209
256
5853
3906
9719
5157
4548
2329
5597
8812
8940
3356
7190
394
266
5196
8645
6280
3042
3689
9018
5024
3100
6222
8251
5633
6221
6501
3958
6626
8916
2925
9870
8180
86
7805
7342
2670
6912
4465
1543
8572
7189
274
8136
3383
1174
6519
5099
4037
789
634
127
6405
822
7120
175
7431
7617
1121
1851
9525
1807
5460
6873
9745
9239
7896
4998
2950
4639
2255
3981
6053
2842
3752
8244
4929
7429
8980
4250
8705
831
4806
5005
5460
9667
2149
6482
597
8900
8670
3179
3915
9931
1050
6886
4197
2893
8280
6551
9663
1549
27
3897
8755
6701
193
6340
9483
6300
2774
7897
756
8028
7215
6436
5494
7562
3070
2288
1953
835
9485
2633
4801
4404
7777
1959
6063
733
5058
664
1204
2811
4814
5666
5208
7386
7339
2427
6564
1485
7044
440
8862
1313
7470
9769
7083
2788
1243
692
6843
8711
4612
6106
4391
3160
2931
8251
523
3060
8066
7247
8092
564
644
1642
3849
1593
8115
4168
133
440
5825
6326
221
561
8290
5306
2818
5965
1578
9135
4899
3476
3482
4973
9598
7791
2553
5544
3667
4187
9588
430
1881
9068
3656
9246
9369
2912
989
7152
8434
1688
8954
922
8420
4829
9514
324
5314
3544
7477
4885
5592
4415
4778
3439
1080
5732
3219
4997
8558
172
9923
3384
4242
964
9950
5305
2368
5873
780
4516
9397
749
856
4360
5894
1333
746
9419
3418
8964
6964
2189
3843
6292
355
4036
70
6881
1374
4860
2190
8530
2678
9086
2110
8148
6781
675
6742
9262
8594
9759
9783
2404
4714
9905
9612
7926
1804
2561
6774
1917
6224
2506
2356
9859
5850
4119
8649
1225
5577
9913
5718
2079
4324
2540
3487
7828
9589
2879
4907
4095
2823
8467
8040
9090
2758
1016
8131
650
6612
413
7015
2072
99
2263
4053
8364
2900
5727
7186
960
6144
4523
5640
6676
4910
5980
9323
9829
728
8962
9905
86
3371
2967
741
3664
8718
9772
4479
2226
395
6304
443
189
8273
7596
1779
8380
1097
5932
3444
7259
390
9781
1979
243
87
4911
6885
7617
7035
706
5862
473
504
9115
3750
9475
8923
257
2376
1504
502
932
5824
5042
1001
6613
394
3076
9933
6920
2316
5824
8916
7625
3476
8576
5287
3720
3305
990
3963
2227
8632
1756
819
8813
1296
3440
4159
4282
7817
84
7579
6855
6920
9314
1420
3421
5287
1642
8881
6132
7857
4575
5367
9521
8203
8897
7727
5060
5543
379
5546
7678
3517
6724
85
7693
7870
7983
3930
9104
3334
3287
9930
3433
8014
9707
5291
766
4788
141
422
5856
1265
2817
4441
5066
7857
5303
5429
1208
7291
9338
8950
4408
3842
6664
5405
5819
2707
7809
7756
9179
9497
1735
6496
4781
6108
7377
6396
3671
7691
4866
5136
7502
2235
1547
4326
5552
4486
1260
3450
2795
4280
9654
3549
7977
9274
4340
33
5636
6977
2997
7497
9548
3082
9824
143
1818
867
3560
346
7171
7163
3578
1945
5936
6211
1690
1464
303
4693
3887
721
7116
8480
4892
3420
5962
6892
2383
8370
9491
8413
3831
5718
8469
7730
6104
7904
8402
4771
2972
3574
7988
9656
8713
6975
475
4972
7424
2458
4425
1087
9692
2756
8800
5311
1012
633
9937
3716
398
8629
262
7456
8164
504
9399
9825
7994
9871
6693
3366
7720
4492
5257
603
9377
7720
359
715
3718
3978
9106
3425
6562
8519
8148
2352
8410
9446
8118
9388
7842
629
1023
457
5136
6858
1910
9303
1691
488
7858
3467
3455
3173
3153
5564
9173
9815
3494
6687
4497
8778
7682
3748
8544
4891
7193
20
791
9538
1405
5597
4713
8648
5768
914
1989
3946
7697
3366
6771
5111
3742
1354
4925
6368
6557
8342
9693
2914
1750
5458
8746
4078
6589
4790
6205
5323
6593
8867
1148
1009
7009
6548
5672
5548
700
7255
3333
6649
8216
5760
9058
8316
8804
9559
172
1907
3208
8794
3415
1616
8466
2051
3274
9417
602
4621
4741
4555
8928
3530
4910
728
3226
3995
1625
4075
1792
7886
7777
3360
2332
7657
5583
4933
2546
523
1382
8774
8382
6771
5072
1298
759
5988
5935
524
221
4326
2609
5142
2396
5238
9983
4834
549
27
2926
6840
4108
3316
969
3151
9141
8784
943
2662
6558
6797
9207
6782
5430
1926
4990
5567
4375
8757
247
3983
3541
5403
2763
7886
7668
7556
8444
3211
6255
7784
5768
4479
9219
8658
2699
5419
596
1155
7578
3247
1884
8848
7589
3178
3083
7635
4623
3246
2839
4963
9172
4950
152
5710
5686
8124
7582
4001
1713
6092
8986
5692
8094
4089
2847
2089
825
5145
3479
3906
773
205
5020
8697
7084
4869
7795
1337
3883
8586
2686
3304
2601
327
4977
390
6864
7360
2975
2294
3985
7893
792
8178
4496
5364
4188
7974
3004
6063
710
9472
2399
8478
3888
9527
3594
989
7384
8541
234
7305
3515
8162
9346
5246
8809
7598
3104
5202
8780
9386
521
3923
2914
8386
6357
9686
8135
5019
1187
4578
3460
3066
824
6287
5812
3719
4733
9864
605
4432
5841
5812
2814
6720
5695
7884
598
2594
6378
8631
5630
1721
3924
1152
76
4508
4274
9165
2599
7327
1135
245
1920
6537
9000
5441
7327
4059
2860
9310
9790
3890
10000
7977
8671
5051
1167
8000
3416
4468
6711
3446
477
8660
854
2977
5765
7596
6972
2732
9204
7848
5622
1927
8697
9255
4340
6280
5489
6848
709
4850
4259
3651
9507
4977
757
3819
5050
6489
8534
8686
9212
7354
1669
7730
5779
6395
6810
5096
8872
2653
9771
1998
4022
5795
8589
8439
752
5725
6133
1298
7090
8658
7158
4452
514
1351
9674
3800
8333
8256
821
3744
9807
6215
4346
3509
1946
2044
7456
3847
2268
4971
2258
1041
7713
8869
4300
8971
4848
1015
2084
8117
9984
8251
2486
6372
4437
3531
1749
607
2310
1343
907
9396
9796
1588
9094
7524
6494
5809
6146
7987
9827
4354
1319
4493
6831
7893
605
4632
9926
6180
384
7820
6076
2305
4865
9683
782
398
8980
907
8790
325
371
71
1005
1219
1694
3608
314
9513
633
6261
2767
599
5815
9258
5567
3478
783
4354
5122
9247
2742
1357
5949
342
4505
6938
6396
8116
5604
2098
5613
5548
6816
3278
1426
8474
4140
9044
96
9469
8411
6158
7420
7408
4814
3097
1181
7417
1805
4720
520
9976
3144
4426
365
4944
3963
9039
2524
5543
4811
1215
7319
9894
2652
1495
7601
3559
1370
5170
1976
6343
1123
6036
6787
6436
5842
644
1844
3691
75
3909
28
852
2635
4097
333
3744
314
220
299
9706
3469
4440
6161
5602
676
1119
3604
4829
9886
2008
134
3438
7824
8588
4542
3283
1323
5664
8074
5470
6181
6120
9120
5193
2278
7928
9133
5572
9303
8477
5756
5765
6851
5113
3903
2880
9188
6819
7321
2534
8233
6251
5844
694
6188
8118
2558
6740
5707
685
6886
2828
5963
4210
2436
5747
1399
2339
4955
4901
2803
2912
9795
2746
4056
7353
4811
627
3116
1605
5689
26
1555
8215
5294
5442
5268
2998
8866
9067
2185
6480
7204
9479
8602
466
6108
2315
6151
5150
952
390
4562
7393
6439
3632
9557
6711
4403
3726
4283
4176
8146
1286
5590
8450
5944
2397
9890
2401
808
2132
6211
626
6078
1207
6705
4421
6747
3246
5238
8007
2925
234
5996
798
3626
6972
2204
8023
581
2548
5021
9497
7553
6386
1865
9986
2816
9861
6986
995
2051
7924
3857
284
2421
4115
9861
7509
9552
7757
7385
3005
5557
5530
555
8723
1913
8418
3564
6871
5835
252
6127
7533
4423
5494
4065
2495
5711
5972
1665
1237
6854
9936
1371
5976
3708
1749
8559
6725
8336
6918
3416
7598
9783
2712
1733
2806
4037
5174
6257
1209
7695
6813
3829
4109
3725
5297
5552
7015
2776
9217
9568
6017
7993
660
2643
2201
6674
3177
9043
3827
6069
5906
5212
7221
1422
4059
9273
7
3412
394
3378
7743
1519
5192
6059
7430
617
7382
626
9968
9466
8774
4585
9250
6563
4454
8742
6517
1792
510
5701
6945
7631
5853
7254
1230
3368
3225
6234
9480
8545
2339
2862
500
1340
3200
8873
2625
651
344
735
5869
7825
1729
3610
5150
1233
9103
7529
6822
5019
9818
4096
7719
7087
5651
8868
6980
6713
1028
2747
1949
7571
4171
5270
3884
9487
6631
3260
999
8691
3141
4148
77
8160
1941
1475
4917
5725
7734
791
1194
6919
7356
1826
5690
9408
6359
219
5392
7878
5879
1804
7133
8911
213
724
7366
8453
6281
6336
496
3857
6145
8922
3212
3102
4387
4224
6042
5375
1408
6221
8793
9244
1778
4236
4274
5479
9736
8133
6119
7338
4545
7265
1284
5354
7111
4642
5317
1296
5936
2501
3392
1989
5930
2264
8101
5291
7992
6690
9210
3360
6863
1978
1076
8649
7120
2594
4451
6005
4026
8758
171
2827
9984
1004
1250
9257
2186
9572
7302
8908
9714
2858
8306
1317
5995
2862
9287
7074
7342
3425
5265
8216
4010
6473
3246
624
5281
1866
1479
5313
1709
3927
9364
8665
3686
5677
795
1510
6366
3657
7082
1179
9636
6560
3690
3398
9567
6509
3115
7087
5673
4717
3315
3986
8260
7237
4169
1762
3533
3117
1603
5341
3744
3034
8996
762
3014
9975
7768
3642
7470
4581
741
4375
2003
1367
8043
8289
6492
7234
4354
2814
4518
1809
9840
9444
7483
6464
9839
6345
5837
1595
5050
8732
7156
1271
7740
1541
1537
4934
7648
5866
9719
831
9426
240
2208
7999
8597
1234
9002
5030
7827
9670
1916
9842
6038
879
1236
6648
260
3948
9789
8681
9300
5592
439
2140
5172
1334
4313
3967
3774
5360
8135
9364
400
7174
2153
582
8636
1376
2668
4880
3600
4962
5698
6310
2964
7194
2293
4156
7911
589
4561
6316
2486
4409
9204
6842
8895
4325
3096
6927
7213
5332
2239
7785
3363
9226
3990
80
515
4847
1377
511
309
1346
7275
6239
6541
8947
3128
1821
544
4693
1831
8499
8593
9647
825
8292
5947
2114
1829
2648
8830
2004
688
3221
4060
9386
5846
6896
4472
6703
3063
1676
1274
2759
137
9624
6182
2636
6746
1307
1311
7907
2932
9225
5078
2596
7755
6217
985
2569
7279
706
3877
1096
9273
4702
7764
5068
2970
9627
7241
3546
95
4067
1326
4543
6056
4729
8480
725
3253
3311
1027
9878
2400
8073
6231
9178
8593
9313
9629
7063
5961
5411
9992
1277
114
4196
6285
1426
5986
2469
1790
7764
2924
9300
5378
3677
3138
2680
4972
2308
8053
6924
2742
2771
7352
108
2621
7049
3166
1233
382
5236
5339
9136
8718
7398
6823
5562
4424
3123
790
6679
7599
1326
6482
9283
3193
5137
9841
1861
5731
9341
1158
5251
9520
9758
3368
6130
9353
7054
2052
9072
8800
2448
4985
8380
3533
8963
7065
7637
4306
288
3316
1960
8162
2005
5363
1259
992
7044
8520
2527
8038
7900
6099
1381
2191
9886
1711
7201
9108
5486
2423
2322
8183
3056
9740
3429
6113
7955
2540
4184
5398
1454
1166
5668
9019
8417
2369
7922
5192
3978
1891
7881
2301
6325
4542
9097
6735
829
8887
2416
1867
1663
8078
2601
3768
7158
3128
8516
2970
5416
9882
8347
3534
9722
4757
8224
4683
6145
9888
9518
4201
9671
3017
9812
1503
5149
6978
3575
3985
586
7962
7673
8427
4450
9525
8296
3452
7690
5422
5985
6044
3454
7163
7360
6227
99
2179
1697
2777
5818
2784
737
3066
2763
428
8627
2585
7534
4676
5034
4215
9909
3145
9539
8089
59
6040
3638
8929
9191
3264
9734
4432
445
9228
2752
5932
833
3555
8943
9864
5940
5090
7186
4477
5072
4835
5254
9576
5369
6913
7240
7370
6356
703
3010
915
3340
7317
9508
6396
6311
9983
2953
7502
9599
879
8666
9387
4566
9456
6548
5100
9265
8584
1929
669
4845
1191
8340
5493
1298
7769
2752
5391
2117
2540
842
4488
7065
7482
6270
2740
6682
4626
1970
8937
6019
5598
8332
5299
1800
9420
2065
7468
115
5828
6975
1265
9017
548
5215
8107
7852
7231
7104
8888
9189
4110
4820
5546
5206
1505
129
8453
1401
8589
5755
9624
5286
5791
1009
4990
8908
7708
7367
5957
9100
4627
8794
9901
8694
2060
7992
907
8198
9884
1435
5970
6101
3921
9072
3653
8170
3806
3510
8145
2761
958
1980
8666
8286
1378
6520
6399
8740
4245
3398
3832
5261
1658
6820
1287
6029
1617
196
6035
5554
5389
8144
4178
1532
1960
2194
1975
7273
6261
2323
8607
8370
7779
5254
2156
8373
7834
7794
7338
9006
7841
7578
7184
1530
3252
7187
5380
6879
4827
8290
9049
5299
1130
5250
9883
9627
5636
5012
3949
4548
6403
4512
7328
7270
511
5241
9438
7442
8140
7557
7273
5457
5567
509
3695
7621
7868
4515
1563
8925
1854
5220
4114
2421
5160
6265
3717
5656
2989
458
8180
2117
1688
1536
7559
3416
1814
6946
2673
8392
2513
6238
4787
8396
1919
1090
8504
1973
4682
1539
7049
4720
7181
9066
8921
1916
6395
1828
3040
4520
8923
7232
9052
1311
4061
7503
2121
8509
9533
1817
5641
6779
629
8784
8621
113
6679
6295
7404
4028
3015
379
1048
5253
5960
2033
6304
2259
2682
9154
7960
6346
5848
2300
1494
6459
97
1039
6459
4689
3835
1067
4828
3604
7244
8049
3605
5272
9344
1717
5991
3757
3919
8254
1864
3943
2273
3096
8376
6250
2678
2225
6149
1544
5202
2363
3826
6368
1624
6136
2143
6842
2729
3329
1785
9281
985
2140
9954
5239
9698
401
2739
2936
1627
8129
8262
5480
6274
9389
9847
68
6658
5831
2820
1074
9664
6653
3746
2845
3312
71
9501
7589
1619
8488
2714
5343
51
9822
6979
9502
7489
4296
9778
4256
1800
6743
2337
2977
2939
4444
419
8929
6406
9870
4191
5699
4052
5979
344
5704
2277
6054
3653
6384
4948
8532
8342
2301
2552
8079
5416
530
8373
1174
6004
9532
3847
6172
9573
7784
1506
9131
9374
7805
7454
3600
6695
9253
6227
5048
4429
9459
5926
9999
3441
5145
9770
8956
7469
1952
6874
8743
1832
5954
1928
8572
8816
2072
4460
9248
3330
1830
5611
6842
333
3139
396
5682
6885
7507
3087
6595
6852
8074
9528
8934
1419
255
5938
7239
741
6305
9920
9294
9460
1116
4484
4927
2633
5976
6843
5687
2783
7152
1492
2876
1177
3658
1382
6471
5033
7724
6941
5020
1101
812
1395
4743
8661
8163
9573
243
6842
8453
9829
8251
2735
6755
9936
542
8757
889
1337
4483
3627
4249
9827
730
4415
1283
4060
8266
2119
5124
883
4897
1490
1020
2573
1405
3741
7056
4728
9018
1597
5024
3397
1592
6540
8387
6069
639
1939
3111
3202
8292
7035
9140
1714
3129
4208
7097
6808
4538
3223
7949
2407
9636
7068
7580
3479
1728
2392
7247
9552
8083
6837
518
3263
1518
2509
1383
7481
1465
3245
7803
205
4583
5067
844
6201
6347
5069
1397
5126
8198
5745
2313
4167
1707
760
4044
365
3536
855
518
7395
2407
7776
1745
8087
3167
7721
7545
110
1108
3416
7289
7440
2740
9906
1236
4052
8422
6150
5389
3517
2557
832
5746
567
5516
517
9695
8974
7775
4581
3202
1402
840
320
775
2566
2623
2131
6426
855
1990
3262
6752
3421
6563
2281
3296
5621
2576
1494
4692
4816
5993
4098
6068
8825
6479
9608
9008
6631
942
7855
8871
8911
5777
793
1625
9867
604
7021
1236
6913
1696
8692
575
3277
3398
2931
5244
4739
5679
2342
5186
8843
8544
8575
8642
7507
2952
79
2451
6913
9568
7171
2107
3204
8146
5472
2634
8420
926
5493
5333
9829
8880
2717
1311
5261
1082
2689
1413
9634
3086
574
9905
2583
1266
5109
522
183
8296
7288
6079
3755
1184
7276
1389
6209
3654
6202
4525
2857
6868
6965
2194
2919
1411
7365
3683
7735
294
3943
4683
3196
2763
3631
4511
4748
615
4361
3073
6324
3785
5038
6576
6883
4141
5543
6602
6378
6551
6659
2084
2825
8704
4555
7971
3082
7616
9189
3153
7558
8840
4533
5082
5121
713
2618
8518
2277
2412
4500
166
5093
7536
1906
8716
2955
2787
2584
3692
2401
1439
6113
2278
6086
2630
678
5621
4424
1054
8543
9286
4595
7533
7906
1782
4897
9623
7187
6030
7771
4553
6216
3759
534
4665
7375
3414
354
7585
2266
1795
9322
5980
3023
6579
8244
8484
8038
3520
3961
1401
4348
4118
3278
5170
3459
9577
6603
6417
1434
7023
3420
3893
8988
1397
735
4445
7493
9795
8566
1956
3965
3838
7138
2933
9287
7123
8349
2399
3779
478
7407
6996
6921
8468
1257
5218
8472
7511
2541
5755
6003
1420
196
6120
8125
428
9208
8974
4239
3686
6422
8277
1239
325
2356
5585
3711
4776
2583
1788
7847
7052
3406
1911
2167
226
5536
6116
586
5032
6581
3960
4350
3777
419
6638
673
7750
8127
2317
9689
693
5526
3888
7800
5715
6173
364
7068
3655
2843
5543
7936
1629
5037
4188
7826
1754
2596
9952
9785
7339
5763
2164
4562
9368
5330
6747
1839
2049
3601
756
9025
3341
3697
4928
3602
9430
4426
9970
3993
1832
9423
5687
3909
5180
8249
7480
1416
4690
5088
5872
9217
8145
7328
3143
6022
2557
7821
904
5740
2786
9919
7252
8024
4726
5738
7918
4301
4643
7768
9180
6243
5653
1249
1874
3686
7636
6109
7565
8733
8937
2400
2414
9572
4916
1146
4648
5676
973
6243
7368
2851
7767
3355
6134
7203
6721
580
6630
3842
2744
9350
7272
4120
9982
1304
9007
5812
247
7422
6337
8497
1570
2389
8982
166
7613
1565
1934
2434
7181
4369
4435
3675
3508
8870
6680
9965
3506
8678
9233
3824
9094
9525
7290
7368
1685
2815
1184
4718
7272
6366
4375
800
6855
5429
3917
7272
1034
1098
9830
7794
1033
9817
8539
7489
7599
7880
2739
8827
648
1770
616
8891
8304
4007
3009
2241
8305
4477
6563
746
6330
9825
775
9151
1981
6754
680
7128
2221
2909
6296
7276
9341
3444
3799
9375
3647
8954
362
7684
6183
9174
4321
8695
7045
2453
8854
8505
919
1857
2311
2224
5124
5501
512
5246
272
9164
9592
5952
6090
4605
435
7899
9117
7801
9922
5322
9245
470
7672
9467
2622
2866
3270
7747
1693
8204
4453
7158
6069
8788
4816
9406
1621
4298
2355
312
104
7075
6971
879
3754
5819
8655
3681
5379
9049
5926
4678
7402
6994
313
785
4387
5909
510
1210
4674
575
5411
8653
8293
6095
9634
316
2943
2876
866
2059
6435
578
8666
8340
6323
7888
1435
4913
6257
2878
6733
4303
955
4561
2580
4320
6673
3996
6138
7090
87
7442
4287
6167
3517
9866
6267
6470
7343
5107
380
8005
4357
6072
3509
3598
7438
1573
7587
772
1921
9209
3489
4750
8228
9618
4642
9972
2223
5704
1123
9268
7449
4230
9244
5216
1708
6650
531
9917
268
625
7321
5622
18
3281
5139
4076
49
3449
1197
6412
1480
6864
2499
9833
1341
9271
1307
8262
2596
9337
1966
842
7498
5669
8181
3036
8978
7389
5463
4364
7715
6601
1121
5059
8399
9320
9505
5570
1198
6040
6944
5656
7724
6475
5385
8606
8285
1341
9167
8622
8040
599
1684
9959
9868
4794
2065
3685
1442
121
1193
6980
293
1734
4572
6399
6578
266
1282
8780
9762
7381
9194
7226
2167
7816
9997
6080
9061
6884
6615
1503
3002
5047
940
5604
3492
9325
7999
3319
3545
997
3999
3484
7030
7429
1651
1306
6498
6302
2901
5173
5722
5709
7770
14
7380
979
4490
8701
4327
1776
5152
2555
9458
5541
9234
1566
5024
4156
5999
9334
854
34
2044
3279
42
3606
9458
6669
1077
8230
9919
6683
6666
1497
7868
5780
9030
9120
1465
2541
1357
207
5623
7871
4087
676
5100
6063
3262
5478
9895
1908
3333
3366
957
5193
4808
6691
1708
8654
7828
3840
7492
7197
9133
706
2528
6930
4378
2640
8753
73
1119
4639
6186
3627
7419
1033
1451
5714
1438
8295
6434
8116
6825
7778
6216
5258
1045
4721
46
2045
9382
2363
5365
5377
4799
217
5490
7735
2159
8357
5242
4283
3277
7053
8246
8160
4262
7657
2352
7837
5220
81
2384
9643
7792
3202
8774
3215
7692
1829
8306
9251
8491
2171
9879
9924
1716
4909
4874
6911
8635
6705
2992
6281
7579
5725
1958
5503
1603
4647
8994
840
1751
4178
9548
3198
4191
2244
1961
243
8557
6008
1946
867
8765
5718
737
5205
9946
8238
7722
6491
4795
405
9447
6437
5634
2606
2969
1954
2776
3546
6300
1736
2840
9333
6362
9668
7052
5387
6444
4043
4223
1775
3257
2668
7658
5080
7629
6109
2581
6596
8534
4103
21
1490
1056
3075
921
7218
9589
542
657
995
4916
5860
3569
2026
751
4992
9667
8152
7643
7356
9273
3082
9767
9245
7707
2651
4427
7302
2528
4575
5042
2444
6293
9946
1002
8615
8223
8728
3849
391
3156
8233
7723
5540
4518
9340
466
335
3033
6819
4786
6770
4997
4485
3247
4751
7432
1443
9724
3704
9576
637
9555
2778
7708
2719
8283
6565
5396
2961
3868
2399
9801
1353
5573
308
8075
8578
3833
4286
4518
7842
2878
2797
3975
6235
4337
9595
9979
4535
8008
4840
8326
5686
734
6292
3701
2246
5302
3129
561
9534
7120
1307
3259
9867
2582
7854
5430
4655
4934
4462
440
3988
6623
1686
9971
773
8390
3656
1619
2911
5840
2789
2328
637
6919
4930
1553
69
7112
3056
3793
2367
8633
7625
9216
6347
2589
7789
1601
4797
8701
4088
3489
1233
1606
9177
4328
957
9633
6416
6022
5223
7728
5838
8369
6846
4921
233
8196
370
4429
91
670
8786
7741
2334
2216
3967
8836
4395
6968
166
8559
9666
8790
4596
1266
6867
2964
7697
9182
7223
7741
6047
4466
5408
3300
5977
8964
8613
6155
3809
6081
2176
4840
4193
3998
6988
7757
1403
6251
5057
4910
7803
178
5562
3903
2394
2427
1213
1993
5175
4282
7761
2752
3936
1599
3361
650
9146
1367
108
4298
9591
6747
4712
6491
1094
6226
9291
3099
3183
8565
1590
6248
3450
4980
4027
2220
8834
9929
2421
202
5172
4923
782
1268
186
4344
6126
7157
3912
1347
4492
1921
3245
3344
954
6721
4384
7457
7100
7707
5336
4378
5320
9761
2870
1735
6390
1596
4883
4734
62
5186
4417
7123
6403
7258
8792
9146
8169
8771
7080
5383
7286
2092
5849
2665
1964
6392
2299
3157
6502
8353
1842
1690
5146
3429
9085
2276
156
4178
4382
5709
516
930
5988
3779
2883
9626
6358
6758
111
9640
2911
4456
1687
2032
8058
4596
8501
432
6217
9522
6478
5846
727
290
4638
7024
6370
3490
1911
3608
616
126
9333
6904
7939
518
5081
8687
2838
1872
9507
6564
9862
109
8294
5145
8910
2283
5924
1094
3158
6189
1481
1892
53
4462
6143
1702
1958
685
1573
5199
7801
5656
8661
3827
2408
7737
6119
2133
8625
431
8384
202
7748
6946
4520
8615
5504
5955
4166
6812
5907
7556
2786
2424
8685
8950
4209
9128
7143
5937
1509
9989
3494
9859
9518
9406
2919
2544
9708
7869
803
6930
4251
6311
8473
9636
662
4401
2457
9449
9169
3940
2902
6525
2712
9151
2488
6348
4840
7611
6216
6008
7965
5423
3105
8499
4030
8443
7613
3961
1062
9980
8060
4821
1925
978
7350
9503
3480
4441
9954
2823
5168
6360
6505
2713
7917
2207
224
4985
6758
4211
1061
655
3276
1983
7167
1398
8544
9358
3445
5062
7685
6072
4249
4775
2913
8570
961
2704
7251
250
4314
4294
2383
4652
2364
3997
2476
66
179
7744
2869
7635
4722
7155
2155
2586
6603
9471
5140
2571
6085
5889
8652
3910
2595
8726
9590
8674
7605
1973
1658
2991
7012
4470
5643
7825
8229
9117
2947
8510
1994
9362
282
5208
7724
8141
4370
2061
9156
5145
298
5428
893
2306
132
800
7617
5459
4130
8548
4113
5366
6261
573
5142
8936
8033
4858
3937
8192
1996
7566
7176
6604
3961
3483
6952
7830
808
8729
5032
8407
2196
458
203
8066
3175
2626
872
5254
8227
9593
4907
1247
9574
1148
3378
9056
1718
50
2151
1438
3381
3758
3075
3848
8128
1705
5608
7094
5773
8401
6441
6173
734
46
2540
5866
9718
1278
6394
4631
7888
3106
2327
8005
2504
9511
2644
444
1117
3911
2376
8925
9304
1751
4157
9353
5611
8691
6827
7525
6199
1038
6065
9276
4196
4079
4105
1396
5591
8181
8003
9481
1659
8652
9709
2589
8571
3022
3488
3965
4584
6811
6661
8510
1361
2810
6689
2390
3709
6114
9078
6106
923
16
4469
6569
8667
2076
8085
3918
9898
4996
2187
4257
6522
6716
4872
4927
449
3624
4224
869
3935
1968
4163
1483
670
6863
2049
4137
4466
2396
5772
5046
4840
4912
2892
6596
4088
6766
4426
536
8647
2623
4032
8704
9963
3252
5090
4923
3307
5484
1463
1259
4427
7101
4181
979
2790
3376
3876
9691
8704
2815
2773
3043
6425
4343
420
5610
997
5700
6786
9742
4541
4848
4723
9882
2942
64
8352
8147
5855
4875
192
8036
2465
7865
9943
3916
5782
5918
9625
2493
7287
8434
4881
1219
1897
879
1436
9123
7164
7587
2104
2496
1894
893
3033
9526
8096
9648
359
5109
657
9337
17
4457
3611
230
5984
8216
6244
3066
4211
6561
8278
4337
7857
3489
6203
3319
6007
4628
8047
5752
9023
9282
7641
516
5494
9330
9827
103
2477
2595
7233
6365
830
7576
4242
7077
3701
3348
4362
6404
9323
2647
4389
4154
4706
8481
3833
8633
1593
4121
2562
7775
3553
8136
5990
8822
9504
9032
4171
1920
2421
3541
4872
9458
3708
5274
5220
5442
8863
9120
6592
4914
777
3227
2377
946
7543
7923
6381
4666
7629
1811
4423
5239
8920
2599
2198
6887
3353
6911
7420
7378
5427
7978
7853
6961
7668
8380
7416
3569
1772
4063
1592
5694
5819
4437
4774
8387
5164
6360
5273
6114
8155
9544
4909
9880
3192
3580
208
5089
9556
6623
732
6756
8009
5944
1482
8258
691
7465
1573
4534
5923
292
431
7066
2323
8520
9843
1505
4505
1315
2344
8939
8048
9962
2549
135
7288
6275
1934
8354
1710
2741
5828
8287
7663
2765
3798
4899
4700
643
890
9281
3570
1997
8397
7613
3775
2692
2989
9414
9023
6364
1893
3092
1510
2866
2020
3790
4951
5037
1653
1182
4154
1970
1237
3929
8830
1145
6187
852
3087
1203
3686
5507
8716
8758
6400
579
6339
9437
9903
6957
6233
8387
7552
1307
2438
7944
7856
1586
3326
6003
