1193
2840
7937
6912
7573
1351
7660
2099
3540
9686
149
2673
2204
8801
8017
2006
3719
6517
5637
1129
2662
3974
1236
332
6086
6888
668
9183
6999
5335
2670
9309
4208
5964
7780
5609
6153
7626
5256
6871
8012
3493
7265
5443
4439
9760
6600
4640
8748
2558
9153
8993
2179
2660
92
9431
7239
9236
2608
6238
703
6323
7980
3978
4621
7710
8971
8354
7780
7209
8198
7914
4322
2745
5568
5084
6532
4072
3231
6696
9486
8294
9474
7070
1987
842
1022
3507
9319
319
3174
9619
8583
9505
378
4423
65
3002
4112
4602
6512
6516
1389
4111
3462
1060
5713
4180
4249
3659
1724
9929
2135
6760
8722
5467
4448
9727
8016
1030
3094
2594
2748
1012
1799
3148
8335
6767
3624
2708
3304
3273
8130
4881
4662
8807
4228
1941
7059
5444
5641
5548
2487
9165
1851
7903
6680
826
5321
7815
9986
685
3597
5463
7326
3803
1162
5909
9707
9812
9987
6651
7142
9443
4659
8350
1294
8404
5900
9728
2815
3787
323
9231
8019
3505
102
3627
9128
2250
2047
1246
7820
1659
2365
1045
9679
4473
919
9280
4050
4358
8166
5823
7165
3446
9962
7104
8681
9727
6117
2419
4401
4759
3245
1537
6462
4860
1290
1618
462
5418
2389
9467
1421
316
9278
7441
3623
7756
1416
1199
6838
3380
9322
1016
5192
6135
9233
1000
6389
2812
5405
5678
5624
2279
4951
9573
2774
3034
3668
6727
4741
5058
9280
4993
4896
2462
7227
9505
8346
1501
9767
366
858
6433
8493
3471
3619
6742
5157
6855
325
297
1882
9874
9617
613
5012
3599
1899
2153
2757
4216
9486
8826
4970
1600
9645
5070
9982
9613
9925
5072
990
954
6275
1344
5741
117
6282
4466
3758
9597
7728
75
2395
8201
9834
1642
5922
4639
6859
2872
7399
6472
2613
2676
939
343
6824
6967
817
6565
6302
6279
6638
3496
1598
921
315
2159
3164
9610
4389
5448
3583
7887
1745
9661
2943
1548
1987
7787
5692
5698
1627
1574
6186
407
8934
7223
8678
4076
9426
7235
9875
8861
1797
2754
8575
2786
3300
92
2433
5838
7999
6157
6856
3468
7741
8007
2284
5382
5907
6830
1519
9947
1823
3309
167
5044
6628
137
9952
8935
3128
6881
8366
8827
5370
5475
1197
935
7649
1706
1929
6278
9353
4806
6759
1150
5959
1682
9059
4228
6613
1082
8964
6438
941
3135
7274
6987
2680
5609
8284
6528
7746
3842
3832
4967
701
9909
4111
5331
2260
3834
9969
6982
5050
8647
7737
4127
4193
5534
321
2350
4300
2911
1232
4197
1939
7007
1994
5150
1847
7369
7347
3125
7194
4953
511
4489
3594
6508
1370
9993
3716
3001
3720
5293
1247
9724
3027
2517
9239
43
610
1925
16
6916
1615
7983
7829
4302
7874
8001
4807
4084
227
961
4774
5736
1771
3282
6094
9048
2266
7668
9576
9832
7475
7609
5631
8239
5365
7173
9400
6775
1355
1275
9634
3008
9699
6151
9354
8007
6177
4026
401
7251
4357
5125
746
6091
6247
7052
922
8054
6331
1967
9997
5826
302
4255
3224
6741
3718
8389
9141
2536
9648
2715
7679
3872
755
5678
8464
8161
1301
7026
8407
844
7997
6935
4191
9911
7412
6186
4297
3112
2823
1146
6544
7968
9487
3547
6304
1807
8195
1945
473
9157
6458
8891
2051
1021
675
7337
1313
7513
5318
8900
3078
6328
8403
2249
8595
3617
2102
6211
6246
9049
5199
2282
1122
3941
9134
7928
815
6725
9715
8218
8369
6063
2938
5830
6978
3126
926
7528
8073
814
5183
3869
5413
4281
492
3740
1873
1554
6558
5567
2742
587
6062
4038
6876
1849
5125
9821
3791
6942
4071
8538
3938
2894
3434
534
5280
9207
3700
5970
5334
1781
4226
6626
8550
6037
5787
1784
9383
4776
5947
6328
6203
786
1291
9310
1785
4267
6275
2383
169
2387
6050
5156
805
6163
8863
6530
7479
4977
6810
8925
7524
3312
4463
4330
8481
7953
8407
3072
9280
3882
8768
2047
8783
1355
2015
1839
5986
6067
8312
5785
645
2141
7419
4370
1366
6829
819
2373
4563
5881
832
5950
7905
6598
3598
1763
5619
683
345
8416
2592
4822
9313
7873
7592
6102
2583
9988
655
6200
4050
4936
3440
8297
7200
8185
5510
3947
2791
8704
6819
3951
9166
6881
6289
3408
3923
120
5434
5846
5774
5449
6229
384
8754
1581
6578
6672
8360
4086
5877
6756
3693
8323
3929
5373
8059
7343
5936
9852
5885
1694
6460
2621
4278
2301
4832
9707
4142
2775
4313
4093
4946
2884
3413
1821
5256
9503
9290
611
2422
3139
6206
6595
5889
3892
5340
6617
8056
6640
8809
6326
6761
6874
8496
5630
4151
2559
5106
1303
1248
6238
4949
5327
2423
3776
5926
2856
477
7040
1465
1634
3411
3126
2493
6852
2996
4001
1560
5404
8193
5834
4299
2884
2937
6904
6946
6401
2506
4537
235
1050
128
8383
3546
7815
9105
8873
921
3797
9442
4232
5987
3976
7330
5682
2138
538
9456
678
8493
1932
1659
2680
6445
2255
7088
7038
4351
1771
7151
5533
3646
4626
8436
3232
9262
460
1054
9714
2449
7115
864
1873
4446
1594
6125
11
66
2902
7817
3395
3778
5407
6227
3934
4383
3418
740
263
7191
1075
7396
1949
769
2559
4667
9445
3889
5581
1138
4159
9732
8214
2866
4354
9267
2156
2602
2551
9973
756
836
1634
5893
4744
9193
5402
1112
8578
6605
7655
4838
2404
9545
2598
5250
2945
7933
164
6452
9170
7355
8953
3734
867
8419
8063
4753
4008
9091
7333
1234
8438
1737
1227
9188
45
4615
870
8208
2434
1664
5408
2578
68
2770
29
1478
1106
5875
3950
1960
4608
219
4755
8439
2655
8120
3404
107
6180
6930
7867
3176
7054
5841
3455
2301
3937
2599
335
1911
3601
1044
9233
6938
8075
4803
769
239
7856
9210
6232
4885
9511
3075
7025
1559
5803
4221
4858
1289
1266
8589
9429
4287
2173
4549
8475
9035
6353
1719
2843
9565
5810
8312
3977
6086
320
854
2994
9409
969
358
4680
1109
6273
4295
1871
9053
1810
5541
2581
575
8735
8577
6878
8301
1553
1288
5478
3244
3723
7918
7733
1696
8507
9452
3094
7414
274
3060
279
8187
7351
4184
1903
6670
5396
1260
2176
3151
6620
6941
2369
2398
6754
9557
4025
704
9408
230
2777
7137
8807
6541
4733
5202
2012
6219
6130
3465
9956
4667
3152
6930
5073
406
8728
5789
8299
3447
5651
3634
7526
276
8034
6592
7840
1106
4808
9757
629
2929
1477
8810
5498
2746
5963
5307
9020
600
706
4010
9236
6710
3363
5398
992
1816
1243
683
619
3823
7163
6132
3924
6424
5074
7345
1868
213
9640
6944
3945
3936
5647
6142
4761
2365
9034
286
1842
5160
1409
9038
5689
7673
413
2798
7827
111
7407
1276
3126
5801
8456
1632
223
5853
3
6760
362
8136
7666
7980
4802
3411
2236
6981
7103
21
2260
7939
976
1544
3481
6661
3603
4923
8582
8377
5250
9966
907
8583
1925
2574
390
9861
7915
9351
9818
536
8499
2069
3325
9668
9023
2201
2193
696
7343
147
3016
7816
7044
