9253
7071
5229
7433
5104
5739
1294
7489
9011
907
1894
4443
8433
6348
3267
8234
7092
5392
5865
9354
8237
5454
6245
88
3670
9452
3623
3953
7305
6885
9074
5563
9413
1203
6887
6201
856
7499
3762
561
9380
8637
438
2234
6853
7636
1056
9315
1845
7793
7900
6593
8033
6581
8563
5941
7152
1718
7491
9873
436
5584
7883
5824
9786
589
6222
6707
867
8413
316
423
5879
4547
668
7144
9762
7608
7923
9658
3116
6376
5212
1503
8527
9818
1465
7570
3772
3038
6710
4028
5719
4055
8490
6792
2410
9414
3471
2572
204
5382
7456
4019
233
6859
1933
1542
4169
9497
2559
5286
2954
7765
6126
8637
8722
1079
7928
2358
8238
3328
6419
6364
3709
9632
6167
3930
5408
7036
4509
4136
1172
1760
5101
6418
5135
4339
5524
983
3368
2372
4424
8632
4656
7451
6301
3981
7318
3590
2864
504
996
8832
7020
1055
3452
4563
4656
3109
4321
5915
1365
3973
1775
2333
5307
9518
3124
8307
8827
2000
8426
3505
3977
3999
2291
7252
7362
2996
2738
4079
2931
5013
9624
9461
7391
6875
7790
8288
8250
3867
6260
3297
3738
9181
8431
477
7423
6740
9273
9262
6992
7214
8492
9045
6512
8577
5721
3620
4399
8021
4342
5487
6256
3482
4509
776
9866
9295
4205
9495
4789
6765
4168
8738
4372
8947
94
697
8339
221
7210
407
5753
1235
6626
8968
9441
3111
1988
2713
5770
1304
1445
8681
8451
3720
5048
470
1292
7880
6477
5221
9503
8967
7330
5596
5453
8116
4221
4230
4689
1927
6380
739
5184
4083
2693
5440
6107
4465
5311
3439
459
8590
1621
8021
6301
9557
9930
9269
2258
5368
9020
7570
1278
6571
8719
1845
5883
623
3802
4170
2304
5087
8604
9576
3282
5385
3130
8602
6259
3411
639
6146
3022
8066
8131
7981
6375
7283
8841
5091
7412
5692
6818
1874
7661
5665
4888
657
4583
9524
4486
9088
9317
7306
1099
9900
906
5271
6751
8075
5714
1420
4766
1639
8766
6870
4137
4031
9577
1036
9663
9560
7727
3629
6849
3593
4044
5619
1195
1535
6634
964
4141
1840
7180
8683
2851
4312
1778
7326
6925
4595
675
5097
3239
4715
9175
8925
9443
8552
6628
4705
1474
7484
1772
1992
2911
5897
8248
790
7415
9737
4178
1852
479
4789
686
8714
121
5848
1093
4296
1222
6804
9641
6276
1652
8683
1778
4625
1178
4443
9951
1646
2943
7931
1173
5898
3428
8618
6617
2601
3619
4466
5938
6591
7711
262
6632
5693
9638
746
3509
9462
2564
7073
659
3043
4981
4048
7640
3002
7994
6008
4540
7333
4355
8271
6048
6661
5827
5043
8867
5887
8853
6715
4461
8176
3661
8903
5438
978
1855
9890
8466
7596
132
1180
8278
4712
5164
5728
4906
2780
2573
8669
2763
3296
9201
6136
2811
9653
139
6674
7665
7944
8525
4627
5352
1300
5996
6937
6845
3147
4333
1655
3012
3838
3006
7248
6321
1964
5308
2702
2431
7364
2721
519
9877
678
2336
9284
5628
4276
6546
6522
3373
1953
6018
9008
6217
5570
3540
5933
1525
2152
8123
6152
2089
7094
3798
6925
7169
6611
5397
7991
5074
5926
2766
4901
1487
7820
6618
210
895
8379
1771
9706
6883
4981
5238
881
4946
9278
1777
1539
7251
2220
33
6227
9841
3448
918
171
8834
7749
9493
2465
4711
3160
8279
2615
3431
2892
1264
7807
7393
2006
20
348
8656
2940
1283
9932
577
6403
7898
25
7604
449
4084
1517
8343
6422
6226
4226
3167
4416
9275
1720
7437
870
4574
7697
9175
4484
1083
4518
9287
54
1302
5541
1125
7919
6720
5496
7217
1206
3826
4536
4397
9670
1008
7120
5154
1558
8326
6742
1391
1739
7782
8530
758
5850
5567
3720
680
8256
3882
7388
7331
8626
6425
9443
3954
6051
9427
6210
1957
6286
2425
8002
7742
6194
4373
2357
6288
1981
1315
9260
5298
4113
9111
7666
9617
2525
7147
1670
3394
5066
7447
9484
665
1406
9653
122
6068
1741
8560
6617
9565
770
53
9619
2117
4332
8543
332
1066
3701
7481
2551
3289
8369
1261
1323
8307
9905
4311
6940
1
8709
875
1322
2285
1334
2912
3651
3074
488
7751
9538
686
7069
2541
3315
8953
2226
6256
7514
9736
6150
5152
3058
5981
1172
5360
2123
5442
7149
9508
4043
7623
6635
5297
6019
546
1063
2722
2689
495
4120
7862
9822
5168
5952
8182
4196
5402
4424
6934
2816
5230
136
8681
2691
5290
7787
762
8087
7640
8587
3845
2995
9756
3351
7858
1307
9428
8792
7536
9962
1951
8579
3955
5672
4953
3026
3789
6492
3846
7842
2573
7936
678
4479
3733
1588
6233
2674
3181
3688
5168
3224
1804
5769
2297
8414
1291
7482
5687
8123
8858
3627
8219
9975
8131
6316
590
6860
3579
5607
1174
5156
841
6665
8379
7
12
7144
8449
8323
3769
5775
2793
6169
845
6876
7435
9285
7459
8036
9749
8094
5763
8886
240
282
3316
6561
6302
7137
7738
2178
4076
3601
8435
8318
7314
8709
1165
3073
2258
7346
5110
8875
2951
8594
4702
3537
1913
1990
9575
1387
3374
7291
9995
4652
3668
6362
8982
4778
1781
9828
682
3261
3201
3791
9749
147
4651
810
169
8955
6560
458
117
9276
5184
977
8075
6375
9184
9875
8171
2094
9989
4263
9679
8568
3564
6118
8496
8079
5815
3177
8917
1098
6244
5425
1543
4007
8671
6647
378
6173
344
1848
2992
1348
6949
5299
2821
7700
3396
3610
3284
86
8664
7995
4384
4999
1465
909
1001
4568
5871
431
6191
6369
6777
748
6913
2751
9612
7739
8258
7991
7590
8113
6070
9225
2245
4014
2414
8855
4216
6317
6957
5109
5054
5066
5854
3311
3754
6007
1388
3847
2821
5919
1486
8130
3437
6125
2630
6062
7686
8519
2580
5531
6576
6679
6437
7025
9817
9409
6772
7652
9015
752
876
5403
1324
2887
109
1565
1985
1155
6699
3363
1490
7899
6935
362
9518
2848
6447
7029
744
3955
607
2550
1254
734
5372
6826
2831
4070
7246
3103
3546
4743
1193
4240
2563
3105
7692
2512
2467
3963
7154
5162
4205
8180
2072
9191
6740
4840
907
1247
3090
5814
6815
3988
3944
8473
7250
1324
5858
8340
898
6526
5742
3804
6508
3077
4228
4993
2755
1464
3157
119
5799
958
5581
4693
7074
4143
3578
6741
5740
224
6892
9455
4956
7103
9460
1821
7350
8532
5064
2356
2566
1136
7897
5293
5535
6334
6072
927
94
1867
6726
8938
7997
8836
5955
2091
812
6797
8395
9344
1106
4044
4118
1794
3940
7248
8790
8848
2942
4361
820
8644
716
4450
2996
4789
3677
9893
233
5933
4309
8813
3786
2791
2911
3745
1588
1025
9007
4889
186
900
6712
3536
9520
7838
2622
1062
4069
2209
3406
7792
188
2470
7897
4015
3334
7073
3217
3879
5907
678
7943
3806
5168
6264
4739
5131
1346
3859
8716
5439
7890
3867
8162
5312
1129
5896
8303
5798
3514
2983
9095
8176
272
8791
8389
4440
7583
7505
4483
4935
6899
4403
9633
1920
397
1153
4955
9518
4852
2553
6087
116
4216
3548
6958
794
2376
7554
9255
534
5120
5543
3482
2364
7769
7463
978
1868
3414
7844
1256
3542
6395
1856
7603
7052
5262
266
8266
8329
9794
9411
8371
5868
3833
8165
1310
1131
5231
5430
560
8242
3848
1647
7799
6843
5977
1035
6617
8015
1390
7340
7443
6468
2847
6430
8761
1574
7943
493
2021
4733
3003
3087
9174
5412
6288
7893
3404
8450
9042
9263
5727
9385
9737
3697
4730
2854
4153
8618
3702
4139
8241
5597
8593
68
3368
8947
3844
2054
1637
8213
4393
615
1491
3757
1079
5010
6481
6145
7859
3645
3182
6284
3938
8815
467
2825
6913
9392
8739
6317
8184
4212
2050
209
5886
2974
9442
5922
8683
7449
6465
7827
3172
23
1297
9813
9093
9891
6332
9307
5256
7941
6489
7886
3037
7025
9790
6855
2407
2717
3990
3913
9452
9929
3907
8746
1798
9137
862
3439
1808
1180
3039
9501
4094
3336
2210
8817
4816
5724
7981
2978
6104
9660
2616
7519
1869
1146
8397
5390
3540
182
1443
171
4010
2923
2955
1421
9883
5749
4020
2949
4840
6274
4411
6701
23
3070
1866
2129
3385
8283
8338
5325
5605
5569
4348
4546
5941
9986
8609
3483
2617
3994
2356
2394
2989
3824
1758
7504
6295
9280
5809
1062
2555
1391
5068
7144
4441
2064
1877
2684
9803
8156
3674
612
7647
7181
8656
8507
108
1035
2938
4976
7373
2202
5870
3421
1418
3760
231
8975
8301
9277
2712
3164
3624
1215
4822
8318
4170
4718
9868
1337
5245
7338
802
8099
1376
1327
6323
3071
5667
8693
3393
2015
2032
9786
1846
4164
5554
8127
3764
1046
188
4734
2320
4151
1043
2961
5114
3469
3265
6360
8659
9507
1249
7557
2499
9615
264
3006
4231
931
831
2666
8817
7886
9821
2707
1045
4508
1775
9526
3426
6673
1110
3463
6376
8237
3765
8524
3539
8540
4130
4388
9704
9293
6901
6928
2158
563
8548
1980
7174
8809
6187
3311
5419
2122
7135
7127
6151
6679
2094
7946
788
7658
330
478
3774
1630
1632
9293
6552
7331
5095
3906
9793
856
4204
4787
5422
3635
4075
7708
4385
6206
9824
7194
6764
4209
3288
4205
847
8494
2414
4623
3180
312
9361
2712
742
5489
4949
2942
4762
8657
5564
8627
3366
6946
1553
2541
349
856
2979
6184
9429
2785
6371
8170
997
1330
1305
9340
1322
2198
7916
610
6322
1055
3733
6775
8131
2027
232
7515
1996
1648
5034
6860
6435
6257
5802
6729
9196
9932
1885
7991
2278
6208
5108
8773
5260
3404
3529
623
9161
4215
5730
5673
462
9149
8498
3733
9606
5699
9437
1792
739
4050
6016
7660
4270
2681
2847
3577
1792
6158
7246
5133
914
648
4475
111
1862
9728
5990
784
8370
3277
5929
3885
1818
3085
9743
3663
8680
3746
8034
1130
4900
6904
53
9510
4407
7996
9144
2293
8179
7280
2158
3396
5006
3282
9096
5576
8153
8152
1412
166
2111
3076
8787
8563
7277
9952
7614
4682
6690
3499
1594
5816
5415
5033
4150
9935
7396
433
7528
6187
819
5257
1866
740
7188
9774
2028
3994
7040
718
885
7043
87
3937
1784
7917
8118
9904
2232
8398
2531
3171
8425
9600
5807
4901
3236
3308
144
4929
4542
6568
5253
1402
9110
1893
6172
6808
3291
2966
8889
9142
3484
6110
4235
8576
3423
8182
7841
9169
2675
1606
4145
9241
7947
8015
2398
3871
6935
993
8756
2379
5838
2366
4075
4698
5929
4999
9922
919
6996
927
7874
8499
7663
2781
5399
7412
3333
7015
7776
3503
2105
7805
9189
2345
2988
9324
5785
3918
8914
6223
6489
8696
1422
6448
8829
6660
1896
5664
7732
5297
519
1347
9231
9913
8796
1768
9774
5773
142
2620
4170
3958
467
6796
9747
2897
8387
8727
5451
2141
4482
6473
1642
5474
3771
7800
4600
2432
9186
3790
2035
485
7992
6860
5118
8297
689
2586
5402
6555
65
4914
6761
9601
9516
646
6505
6680
8926
6277
8079
1329
4391
2963
456
7866
764
6173
1061
8171
2368
3968
7555
918
1924
5485
7937
1279
8292
7522
8257
8100
1833
824
3699
7842
6382
8053
5417
1678
7511
253
3426
8934
589
3536
1250
3593
9918
3816
4615
7665
3199
5737
1986
7077
9189
2623
7271
9156
241
9536
9782
118
1853
1107
5736
8014
7906
4351
3614
4965
6415
3732
1747
9183
6106
8708
5043
7359
5818
3829
5218
5890
6313
6841
208
4886
6514
5109
9329
6576
2397
1126
9981
7753
8002
2529
6770
5095
6751
1832
1968
8108
9429
5217
7611
8696
2931
394
4822
109
3528
7218
7844
9553
3292
704
2315
6982
4426
7075
6651
2178
8974
3248
9684
2591
5690
9704
930
6382
3620
6034
2077
7663
5141
344
2749
1033
7367
6808
6911
317
2548
2424
6069
187
3955
1166
5857
7260
7258
7057
2838
2188
5469
1205
2078
2976
3546
3648
1043
1791
1470
1288
8547
5499
8244
471
1744
1586
6527
892
6110
8535
5806
8151
2018
418
487
3915
5888
13
6325
5731
513
2116
4200
4018
9297
6126
9715
3138
8809
838
3439
189
5044
5891
5131
5164
1958
7652
882
390
7798
7826
1728
657
8815
9532
2988
7313
2927
7119
7015
5882
8707
9838
4141
108
9315
3273
1873
2653
9631
3406
1328
9526
3302
5819
2404
1324
8717
9923
7572
3214
3216
2002
1984
919
1264
5998
2949
2410
7491
4612
8610
6967
167
2174
2421
8864
8244
2847
8324
2129
6209
5183
4672
8421
2432
8347
7147
1296
7015
9622
2049
8025
3767
4246
5229
8872
6604
9143
4149
264
8359
4371
3295
8146
2411
8442
1275
3657
4630
6329
1911
709
4817
7457
1817
2285
5445
6314
750
3920
5518
3691
3741
143
5750
3328
5699
7769
7930
828
3815
9923
3398
3090
7413
7365
9390
3115
7555
6504
975
5504
5115
7970
3041
6828
4866
6729
9061
926
6009
1333
7415
4319
4216
8460
6183
3945
6429
3623
1297
4055
7882
4716
4621
9684
4628
2097
1104
7013
9859
6418
9603
5767
4498
4768
4261
9809
7798
2685
2430
1819
7287
1159
7011
8696
7536
1457
5344
9977
4275
2044
2816
773
5066
8162
9650
8151
1455
325
6919
9042
1984
6032
7427
9936
8209
2651
4531
1874
375
6146
7753
978
4114
3117
1967
1763
3164
2133
4938
6310
718
7510
2993
9028
4648
4062
4275
6421
2098
1676
8887
5992
5307
5338
3313
5739
7759
8584
9222
3807
296
7612
2812
7167
5568
7120
9887
8285
4216
2169
1977
9501
6915
6832
3493
3033
4921
9009
26
1773
4401
9178
5938
5068
4037
3456
555
3858
3777
9199
5586
4381
6426
9473
8750
3002
2458
2207
1900
7972
4241
6097
6656
2946
475
5322
3625
4732
4397
9103
8392
1938
7135
3000
2028
1431
7828
2662
4228
8986
3928
9132
2869
1017
1329
2687
5466
7957
8369
3355
6523
8249
7790
3278
1354
5528
548
7804
8911
785
5816
4617
9574
6281
5622
6845
4660
7703
2530
4465
8908
3594
6036
5215
3792
6598
2122
8962
4220
2531
3345
8961
1720
9193
6512
8601
6665
1649
1523
8833
7805
7919
3187
406
7335
4397
869
987
880
1749
4871
6218
7050
7751
691
3358
9537
524
1014
1172
581
856
3896
4250
7190
4342
6784
4983
496
3453
4722
7472
2561
6287
7361
542
6011
9425
9461
6825
6450
6607
5533
5231
9880
2707
6852
1869
6236
6520
5347
6263
7652
741
3455
1760
5532
8438
4873
4022
7331
4359
3344
4065
6068
4226
4407
9444
3849
4312
3507
6348
4341
8902
2003
3955
8414
3826
4255
7956
234
236
4858
7840
6408
255
7909
4271
8081
9798
7978
6214
1410
6589
7657
1108
2837
6143
8274
445
8414
3439
6842
962
320
6623
9224
8682
8708
1108
2956
8953
4593
6559
5653
3241
9247
5039
1156
9706
7539
4864
5322
3516
1731
1904
8777
354
6194
6631
2479
1439
8675
5123
1698
8191
4418
8316
710
4793
1937
7137
2834
7735
5737
9477
6768
6649
9994
2874
3967
5839
8549
4435
1715
2009
2556
7077
7898
8307
5088
7333
4679
3906
7882
8092
6980
1394
9299
6608
5266
9252
9233
8542
4253
169
559
5905
5236
9041
4939
4782
5763
2376
9633
8855
2971
4470
1201
1340
8795
2591
5231
3722
9444
3946
8783
2016
2398
9445
6794
608
579
2250
1370
2211
1875
865
6511
1915
5403
482
4615
8211
4905
5749
7404
7818
7831
4923
3359
9658
2721
6434
2114
2232
471
9825
6346
715
6870
3117
2651
8794
9231
8387
8403
7360
5172
7256
1631
4162
5718
6020
3394
1826
7442
9821
8772
2394
6859
8953
863
4617
2639
7955
3089
4185
6489
8685
9807
4529
4154
6827
578
900
3175
4332
5736
9331
6232
6900
5108
3660
9279
1651
5776
1559
9351
9470
7177
9211
1376
2577
280
9813
5187
1493
5722
3930
8850
3365
7323
6955
2354
648
9577
1710
6060
8019
1339
2836
8104
5216
4569
2509
2877
2383
27
676
9856
318
1977
7917
8229
2013
3855
2279
5403
7375
8887
166
817
9274
660
7075
7504
5232
2203
3717
2103
9878
7937
1740
1823
2771
6708
365
9985
2621
8100
319
755
5637
1291
6955
3511
4267
6535
2257
7195
2280
2889
2470
9115
4256
8122
1465
5703
8363
5724
2494
3622
7310
3515
919
1363
8845
2069
960
4921
8343
4034
9026
8353
4412
8403
1219
6710
3542
2787
4281
7022
610
5689
7088
3591
4884
468
6504
5376
6758
1550
4639
470
447
8146
441
7614
5370
2779
7012
8501
7818
6012
2064
4876
4416
1472
6316
7647
9788
8246
6052
8327
7288
7478
6080
3532
2378
707
8894
1797
3342
6277
1583
9752
1598
3893
7274
7095
2813
9813
7003
3933
9087
5566
2197
2625
7121
3826
6093
6516
9041
4713
1595
8346
5669
333
7720
4196
4515
6625
8656
7094
7744
1020
2569
1615
1423
1701
36
497
6822
3081
7483
3021
5034
8565
8099
7302
8198
3363
8151
6075
8361
5643
5510
3528
9868
1041
4355
3868
9570
7510
7822
4077
8194
1283
586
7159
7155
8104
9386
7374
8999
9571
1535
225
4747
5504
8032
4842
5370
1546
2104
1735
6126
3908
2792
768
2217
5404
5611
9711
6231
3761
6722
4981
7522
8070
29
8671
2411
7265
6449
7119
3586
1501
4500
97
5151
8866
5199
5432
7986
2591
1814
5766
3652
2067
9084
3551
1143
8356
4865
4219
2451
5518
3352
4448
5364
3717
1338
3495
1205
2937
6963
5340
6759
8009
3525
9205
6406
208
8126
714
1687
2433
8019
1908
8205
9350
4453
1767
4946
728
8757
8453
5268
6119
2894
6646
2477
1903
5272
9641
7783
7040
1880
8867
6401
3310
7925
1913
7352
2753
4404
3625
3360
8658
3379
4602
2552
6340
5176
2832
7233
3043
9316
5942
7885
5051
1212
3535
9308
7542
2907
856
8176
2945
5998
685
807
507
418
7824
7012
9523
8270
166
8091
3578
9068
2123
1352
6944
8980
9719
7936
656
2954
1688
658
7742
6629
4336
8182
5176
1104
5240
844
4478
6464
7503
2310
2189
7670
4296
519
3924
3758
276
30
2659
8622
3912
5529
2112
7009
6576
3002
3716
1826
7818
2634
267
2359
8172
8281
9172
5378
177
9559
1181
811
8884
6090
2393
753
3465
3173
2037
9084
728
62
7551
1654
9278
67
1681
4908
3657
6822
1853
5878
1525
5635
9154
3520
8933
9785
9996
1204
5166
7831
2202
4664
8727
6453
4354
4406
6029
1716
6210
920
3238
9169
4093
8204
9185
3507
1498
1752
9672
6538
7201
3706
3444
5204
3310
6144
3041
2968
3261
483
8081
8917
3033
466
1253
9922
2159
3234
1542
50
4533
1223
6020
8386
1878
5729
6538
4350
423
3266
9666
281
2944
2654
7532
2053
1853
451
4825
427
3194
5132
136
4304
2677
2221
9264
424
3456
8255
2119
8360
2526
3521
8099
242
7123
3462
2757
7338
6949
6432
7106
93
4397
2718
648
1031
6686
224
7616
7421
8101
1536
4030
6654
6631
2072
1939
4090
9499
1921
5847
6445
2641
4487
1588
3169
1067
5674
6172
8876
3914
804
3219
9833
4736
6912
4742
6089
6474
6192
7848
1854
7426
2863
8290
8462
1129
6461
1115
2737
2609
7960
2924
7358
6293
799
1437
5700
4416
3581
1988
6299
3762
1694
8537
2235
2640
8867
9379
1513
1927
3196
9589
5125
5653
3591
7024
8084
1710
5293
7455
3617
6391
6055
8663
6417
1588
7996
5764
4062
3258
2822
9113
7469
7941
981
7768
8565
5143
239
3982
6633
3145
1050
3415
5066
8995
69
4168
5003
4149
779
6564
1881
7567
426
5819
2476
3208
8466
2090
8756
4755
9894
8741
7617
166
1721
1049
3407
185
6978
390
7877
892
9481
9150
3966
8069
1242
4213
7533
7012
5602
4238
5711
4477
2649
8939
1605
9878
3808
303
9807
8725
9099
5109
6764
1939
4617
6600
4498
8099
6560
7035
166
4723
1590
377
8020
68
211
8612
17
9496
2465
1048
4855
6200
8248
7013
6305
6756
9387
4740
6163
6483
4626
3346
366
9122
1668
2369
629
992
8331
2750
3408
3484
2491
4036
3396
8314
9995
1704
5218
4915
2025
7898
6680
1018
1125
2863
1785
993
8191
7591
7999
1989
5412
1169
5174
1
2913
4215
8076
1404
5561
2083
9864
8884
5233
882
862
5929
8574
128
5222
3273
2178
4328
5046
649
1929
9751
5650
3274
4239
3189
2023
6076
1960
626
8903
2403
2607
9195
9109
7057
2480
2667
6002
4724
2129
3177
2435
3078
96
137
2447
4773
1966
813
4992
9922
164
8114
8731
5928
1820
4100
9317
6549
2631
7405
6876
9949
2914
4320
6000
651
1219
8576
8884
6494
5026
1891
3700
6305
7145
6238
2541
7650
2423
3242
8887
8303
4832
6842
801
107
8129
7015
9270
7343
471
6163
1241
5315
4465
1019
957
556
4040
2232
8079
9006
2323
2745
4988
9310
9408
9744
6164
1023
343
9145
5368
620
2253
8886
8939
2165
4113
2962
132
9494
4405
1690
6800
3370
7981
4656
9809
9737
5635
380
2833
6483
7100
4411
1862
9597
9027
5934
3992
3065
8575
8008
7573
4142
7792
6586
6410
1842
4775
8306
7703
8549
3912
9276
2955
6860
9179
3540
3982
6745
2831
8452
1623
8572
4745
1581
1692
1510
385
5726
4161
3803
1243
2608
1535
4736
6249
1240
7689
7097
1757
9955
6750
6585
6585
2511
3725
6231
6680
2188
9512
1580
2572
9422
8393
4800
2185
9818
4366
7402
7939
1332
1261
4705
571
6324
2253
7211
7758
2775
4761
1646
8748
1511
2067
5950
7922
7570
3311
2145
8781
5232
1026
6968
2181
6280
643
6484
4690
5525
6039
7061
304
2500
5315
8443
6463
6451
248
5319
9478
3247
59
6632
1312
5876
8505
639
592
454
1990
868
9133
9558
3028
9291
1219
5130
9884
2574
8550
9739
4262
1508
4399
9115
7374
2150
6172
8468
8358
4276
5491
9579
7886
4990
5271
8871
3420
8078
2136
1928
4739
8121
4034
7488
5912
689
8304
6078
2075
4297
8606
9384
8973
8291
9786
4470
1722
1703
6075
7059
9583
6739
1898
8163
2365
6579
9117
3938
8778
8322
6225
3030
104
37
5183
9479
335
469
4354
6182
2129
5047
1578
767
7563
4758
8518
6139
7684
1161
926
9427
2855
3675
9158
9489
7658
3454
5568
8068
2169
2484
4020
9796
891
2586
9502
927
5049
8365
8310
727
3038
7097
2008
804
559
893
4707
6627
2796
8178
4884
5334
2617
503
9763
7142
7725
7948
1966
7031
2009
2369
9135
9405
8673
4964
7668
6528
7607
3760
2444
6966
9739
4250
5265
8169
2407
1966
2956
9475
8575
5470
1809
4387
8499
4914
951
9568
4876
9474
6723
218
7475
2007
8294
4611
5552
423
7275
2110
8785
3271
6078
5426
7932
3728
7381
4661
5976
2165
7050
4358
364
338
1490
5324
2855
9839
202
3065
5869
9785
5352
3963
6546
6949
8588
2953
1973
8590
6060
9562
5672
9601
3467
1960
510
855
3962
9115
2252
7821
2786
1473
9318
9713
2176
3565
9739
6195
4735
9825
718
5634
1726
4262
3981
8583
4886
8891
3975
2200
3305
970
8377
4128
9786
1908
5048
3906
6654
9436
3305
4289
4947
5699
3308
9755
5440
9421
5426
1741
8074
8081
67
3399
191
2409
4661
6993
2779
6455
585
8843
361
6591
9715
6734
6773
2416
4800
6821
7663
6307
1065
5893
8258
1106
2775
4826
2164
8889
3861
8266
8238
9442
55
2182
5314
8170
93
2174
1055
506
3061
6188
8581
8512
6376
7358
7744
6655
7093
2983
7541
9243
1655
3479
2992
2193
2035
3128
6142
9361
2528
8258
3987
6012
4567
1267
4811
3479
7346
9754
6264
1063
9987
8279
6187
2575
480
7294
9982
7188
5471
8627
4932
3184
243
7281
1155
9440
4788
5256
2871
6353
581
2949
5678
9569
2626
4051
7757
2049
8781
97
3905
2723
9875
6338
9839
9083
6748
1914
4633
1505
3786
7530
3061
9675
5154
1061
4989
4737
1185
2041
7825
1265
8103
8835
3973
7724
2867
9934
8417
9989
1770
275
5781
4199
5699
6184
4434
5866
4637
6064
8774
3359
4079
1118
3269
5538
721
8219
4787
4975
2138
5863
1185
6208
6583
1107
2923
91
2524
6275
1754
8793
2892
1297
928
2887
2232
8338
2147
9469
4191
2609
3673
6747
1709
8705
382
8066
5607
8575
1594
6261
3645
6606
5240
8255
6807
6603
1056
3580
7430
571
2146
2210
774
2634
9179
3061
8403
5496
3829
5060
4668
1658
8167
3796
1396
8530
1782
4678
6685
8600
1708
8747
1352
7859
978
2512
8630
2469
471
6137
7396
1730
9259
1604
416
1676
7318
2887
6817
5209
5862
7213
8778
9297
3498
5553
8906
6372
9207
4163
6614
3990
773
1280
4327
5936
9047
8053
956
7969
8145
6285
3871
4397
2373
3737
6591
1656
3647
475
4232
2600
3336
3781
7713
7760
7426
7759
4486
1468
6478
4903
9641
6373
8376
2253
8400
9688
5084
9641
4347
6055
9424
757
7294
8166
9620
3311
1839
9110
9086
3377
3259
2715
4437
234
7017
1001
8341
5668
7839
3773
5144
3211
2466
634
6631
1850
429
6616
4074
8724
9760
6586
5096
3186
9774
6321
590
679
9439
8279
4435
5661
8575
4608
5846
5174
6579
8834
6354
3095
3910
4108
9790
7888
4474
5143
4692
2448
5422
5344
9853
9008
8479
2626
5745
5134
7515
3498
8112
4186
2711
1673
6317
9390
5868
2272
5613
8024
9077
2184
7916
3261
1839
4525
8352
7490
4659
9384
5169
1989
5120
5089
8366
5836
4504
1636
6088
1400
7117
3836
8203
591
7905
8855
8396
3490
8558
169
3604
9558
64
6750
9431
396
9023
3167
3938
1091
418
5255
4229
5582
2963
9990
9126
7797
6829
7392
3235
1542
6502
1738
973
7909
2124
6698
431
808
7904
9490
9178
6713
6132
2153
9248
2141
3215
8559
1607
3945
8989
8640
9566
1974
1727
4642
6351
4858
9601
3098
8719
9908
3285
7831
6570
3692
1902
9726
3497
3219
7709
6834
2947
3884
6706
4766
8168
331
2085
7648
6748
8926
3454
7912
1228
9742
8060
4276
6038
142
1817
648
5232
4750
2172
6251
3782
4685
9608
6132
7628
2579
6296
9492
9786
7117
6110
4851
6976
6808
7780
1090
4942
8938
9757
8922
5561
7128
565
8971
5308
7098
9870
7373
1572
232
698
8336
5211
3924
9210
9745
6183
9
2107
2643
9101
6175
3265
5628
140
4805
5094
8583
6654
5005
193
9730
7538
2917
990
7704
527
6454
7786
8025
772
8900
3699
4714
2382
5805
4736
8605
4176
8340
9513
8672
7096
7399
4961
4486
9340
6201
8816
2501
2299
1643
5371
95
6218
8615
7108
6362
9140
4809
1571
650
7136
1527
4156
4148
6040
6628
2313
5580
2182
7378
8855
2474
638
7091
8651
7886
1419
755
5594
9423
1478
217
396
1468
5460
7190
9273
7995
9425
9792
2582
5511
1275
6846
109
9742
6021
5097
104
1109
9694
2500
9974
9437
6357
6071
3442
5614
4867
7318
5954
548
5980
9051
8935
8243
9296
8876
4794
7935
4068
3444
2178
3105
2932
7642
4005
5668
5424
3505
7978
1659
6564
5313
190
8196
8645
1793
2814
4012
7209
7427
8345
3964
4375
6202
7192
855
862
5430
1752
3540
9096
2427
7108
8678
4970
4214
6021
343
7724
3513
5597
6529
1122
5473
5899
6550
5850
6104
116
155
8434
8334
8120
1257
4679
8809
1397
6930
1446
5059
1300
7047
4456
7450
5753
1642
2758
7133
6692
5355
5673
3124
3827
8171
3216
2659
4737
2358
1490
3257
8652
1961
9343
7911
6289
8907
8712
5585
3050
5455
5173
53
3307
1928
2858
5988
4310
7650
7776
2172
1563
2387
8260
8385
4365
2161
8414
3021
4481
9011
7457
3288
9809
93
3228
1212
4950
2849
144
3912
5286
2696
2768
9203
1755
4172
543
3992
6680
2754
485
6031
185
4872
5450
616
2794
7616
8802
3068
6904
5922
8487
2092
8219
2892
3116
4667
5734
2687
2058
2178
3689
4578
7977
4473
4916
2862
3827
3701
4969
5375
3655
351
6572
2545
3086
5056
329
3851
2977
3697
9645
2794
1406
946
305
2564
1541
1539
8749
7555
6157
8360
4113
7883
1500
7417
4564
4051
4534
3016
8831
8586
8055
4478
9387
9685
8657
4620
9416
4049
5146
7364
6308
5940
6554
7939
6561
4080
5211
2232
9661
5269
2755
9183
948
7211
2221
8264
6917
5820
5570
1864
7985
5915
7357
22
5526
879
2396
1695
1369
2093
7607
9088
31
6910
2873
7642
1183
1887
2590
5331
7398
4507
2404
8679
1677
9883
3447
3357
6
4456
3099
5573
4141
8074
7503
5436
2522
9503
1550
1267
8563
1122
3556
8155
3338
9115
2966
6511
3856
7006
9557
125
6006
2999
2282
4800
7095
5376
7102
8028
8036
1031
233
6834
7607
8296
7576
6835
620
420
5935
1626
2928
1248
1371
8255
9665
4438
1430
3448
1800
806
5442
6306
1736
6629
4082
7299
8508
5920
476
921
5986
5061
9
7412
4462
8595
2723
3851
2676
9269
7557
9387
3021
7261
9747
8746
1412
7230
3124
4787
47
8308
1796
1493
4941
3456
8130
6785
1188
8865
6603
2848
9671
9810
6994
5933
3208
8758
275
4780
5334
8299
2748
8643
962
7666
7188
128
4615
54
4661
4838
5423
1058
9281
3467
5550
2303
5227
7776
2421
2128
3718
9131
6570
8230
7352
4766
4811
4187
1274
74
5295
9225
2369
6810
9327
5280
4347
1687
8820
6811
733
4158
3238
2060
7634
3876
6559
6194
6389
9944
6570
260
5763
6044
5434
53
2152
9818
3230
79
4284
2449
3038
7335
4971
7652
4106
499
388
6800
5543
9509
92
3457
6242
6241
1619
5455
5175
8429
3918
4428
5184
1827
4776
6732
2126
6866
2295
7176
2448
2805
8124
9456
1506
4088
8843
7044
3654
2219
9643
37
8076
1578
2450
4203
3250
495
598
7886
2367
2523
2865
5012
7888
5058
3474
9770
3271
8357
9625
7665
2157
9003
6973
482
5539
8191
5542
1981
7939
4248
4751
8170
5820
1712
8783
8195
7946
3990
3824
9033
7132
1774
8083
332
8306
7436
6579
8178
848
8464
9993
3637
7464
2962
9388
1199
6625
5989
1167
6626
5620
5440
3425
520
1199
1761
6344
4784
1537
7449
134
2999
1570
953
9788
5858
4291
1750
9971
7780
1820
6513
661
9836
472
2197
3288
7308
3322
5825
4638
3777
7307
9862
1838
6984
1465
9215
9924
1586
2426
1196
4055
1329
6288
1493
6745
1134
4060
6865
1602
3769
6772
6977
8870
5993
444
3092
5753
2731
9485
5895
9646
1369
6598
9422
5353
3257
8343
4213
6415
1642
9618
4123
6225
3179
9663
508
8617
5955
9562
7373
7646
2715
5141
1275
4059
5519
436
1273
7629
2721
6583
6930
9814
4189
8733
5786
5799
9128
7792
9034
1159
6748
2632
1353
6165
4248
7519
2168
8774
645
3232
817
1950
1106
7641
4639
4807
7916
7026
6854
768
9652
5510
4367
1254
8316
3894
3453
4168
6423
680
2378
8533
5323
5501
8588
4196
2311
663
8838
4712
2734
9765
8259
8204
8266
7708
4723
689
4460
6040
2002
4954
1755
650
72
785
1552
2103
8806
2512
8015
3622
3765
2148
8467
850
9266
6682
8490
875
9673
3210
7396
9703
9361
6643
2093
8648
5207
8169
5176
5849
3685
4372
1031
9828
3220
2158
2381
5222
204
5180
3271
6424
9070
5899
3558
3176
8400
136
147
1968
3830
9806
9780
5490
8452
902
7109
7030
1170
5060
3100
5948
5977
4134
7049
4320
1334
5490
7035
7356
5609
4215
5623
5277
4541
9530
2784
9542
4087
4656
2419
6323
4943
9120
8394
9987
6488
2600
467
650
9080
6221
5656
3562
4170
2936
1259
8670
300
1726
4461
3804
2076
7774
5670
5967
4434
9541
9348
8088
5624
2709
4232
2044
5982
518
4369
9035
8799
7212
9127
3356
7707
7375
5810
2668
5719
1305
5897
8241
4681
1271
3851
1625
2812
7148
9501
5713
3301
5190
694
1276
685
8703
4125
9600
6086
1356
8597
7649
1295
6191
1046
6591
1594
3163
5899
6405
9396
6855
1682
4684
885
6009
9345
3424
4702
1339
2141
4201
3766
9709
426
296
1338
6758
2931
2921
4742
8337
9939
9059
9918
2544
4591
2997
9566
4414
2972
7104
1502
5895
1060
3286
3292
5400
3034
4100
5114
3276
9484
5404
1833
9744
2978
2377
4037
3428
6411
9925
7164
8639
7714
8514
6689
3700
6108
8351
2193
9778
8330
4415
6422
9395
1352
2845
8540
2639
4796
5935
2048
281
8399
8808
1300
932
4453
5541
3052
8787
5368
4017
5869
2026
8183
2094
3501
8809
5474
3774
3605
7851
8748
5830
236
3290
9545
4414
9666
7210
7204
7197
5412
6894
497
4046
9611
4344
4112
6188
1285
1126
3622
3471
7840
540
4696
4847
2850
9944
8769
9951
7667
4813
2686
3734
7869
5362
834
2973
8078
3569
3375
7589
7194
4733
5949
9994
598
4382
4492
8584
3146
6978
8082
8919
351
9757
2647
5393
5509
100
8588
6308
473
7309
5836
4844
8508
2418
97
9582
9907
6882
9776
8339
2478
3436
9766
5116
5623
162
5773
9020
464
624
5494
8762
7529
7220
3717
3407
4314
3672
5870
5854
7286
4950
4198
9967
9694
1979
2960
3754
1236
9246
6226
1573
3103
6167
3310
9856
5006
2858
7414
1590
2563
8896
2790
8040
6102
5626
4846
6273
5330
3742
3369
1436
7657
1020
8472
5870
2261
4065
6427
2786
9978
25
3254
4931
7234
5862
5502
5686
7582
9624
6808
642
3883
7823
2737
8976
8365
1674
9976
1590
7198
3541
1699
6094
9736
7659
8421
1114
3087
4063
8469
5213
7366
552
9491
5972
7410
9324
6427
2334
52
3520
7976
1427
401
4462
3881
3036
6289
1200
3151
3640
5985
8656
9897
5877
7399
236
4280
6395
6119
7727
700
2306
7402
2547
1718
365
5757
1652
2221
3721
5676
9807
5156
6788
8275
9127
1548
5767
1698
3521
2505
2910
1784
6866
7980
6802
5350
9876
5927
6358
4141
6172
8160
1705
8811
8417
3585
2920
6088
1655
834
6100
1645
4774
3234
3871
5723
6976
2337
7909
1545
5186
182
1162
5158
2206
2222
1948
7090
396
9785
4259
7994
5087
9851
3019
6577
3163
9285
989
7355
2720
5583
3290
8633
4758
5375
9029
5759
8383
5800
3309
7073
6007
3726
5196
3237
9624
918
5039
1218
7918
8584
387
2208
8419
4441
8349
1801
6966
3681
2873
1230
1380
8720
6042
8741
1009
9931
9029
3142
5506
8163
1176
7782
9880
4843
4860
6942
8305
55
6123
5757
8153
5760
8008
6339
3214
1195
2123
4884
3029
9098
5777
5357
6029
6111
544
6226
4616
6952
2752
2095
767
8151
6342
663
2473
7940
8059
3578
4073
1504
2102
2463
5537
9893
5658
3743
1978
8058
2278
1676
4272
4991
9937
4550
7055
8774
9774
9287
3760
1786
9951
1425
5695
3685
4077
7022
5730
946
7103
6364
6498
1536
9535
4811
5201
3115
3584
1180
5995
3065
1449
577
3532
1134
7317
3281
3921
3835
5261
5410
2358
1928
8016
8695
3173
6329
2994
8263
1036
8195
1873
2236
5761
4291
1354
510
7990
3936
1704
2066
7056
267
8442
5303
6841
2625
2982
1023
7950
5126
4666
7041
6051
3833
3073
9886
4548
79
536
8406
155
2770
113
6140
9270
2257
8072
6278
4147
63
2346
5006
2801
7726
7167
7578
6080
7828
3222
5296
8728
4623
8822
6331
5006
3779
5932
8089
7848
1534
6783
9876
7786
7019
2983
1102
9025
2385
1759
5293
6684
3682
4950
3981
8043
9038
6165
7481
1104
2480
2142
3264
5322
5026
487
4393
1766
5091
9207
4840
5283
8852
569
2233
323
4113
9380
1145
5387
5591
2747
3950
5748
9586
180
1146
1696
4303
4136
1793
7013
6008
4189
2493
6106
1252
7397
9272
2384
7654
1115
7481
8150
3793
4890
9034
2642
5840
6007
9251
9601
6326
7886
9944
9265
183
4969
7546
6807
1529
1367
6724
7853
5829
7516
4546
9612
8825
7422
4193
3433
2382
5750
8533
8765
5111
319
9664
2239
3711
7215
2699
447
454
2551
2403
6258
8071
723
203
3487
8631
8768
8845
5255
3619
8663
1411
4245
2855
3188
1964
2840
1508
9304
6811
3555
4258
9732
3238
7000
8384
8463
2949
1610
7155
2993
1286
7774
7616
7975
6349
8735
9803
6739
9119
79
4487
9206
3585
9083
7579
8552
3436
8111
183
4399
4382
1838
4772
4950
4193
3114
2172
159
8851
466
1771
983
5099
7881
5407
9881
3411
6947
1324
826
4315
8084
3981
8078
8796
7784
1144
3006
4530
482
6463
3062
8560
1146
6005
7757
3752
3078
9564
7793
5812
4632
2880
6991
8028
3843
8758
2130
4826
4429
7373
217
1418
4558
6934
2872
5547
7359
5564
5070
8942
2499
5198
7557
3550
3087
7093
1265
9072
9903
2950
8336
4662
2218
2679
6800
6367
1851
6289
6978
6248
9398
4167
6907
8088
5223
6029
5837
4989
2163
2795
6025
3262
7058
2544
9441
8719
1868
2017
8509
1386
8230
661
9422
6987
5507
3571
4980
6224
2
3279
3360
6096
6339
5722
2133
3816
9411
636
2977
73
9974
3948
201
3790
5379
2809
441
3399
6882
7258
6733
6837
9271
6687
8798
2593
6445
5520
376
8221
9143
3450
3952
8447
9880
8954
7896
6605
1800
184
2576
7508
305
7582
2157
7200
8023
155
567
7040
2500
3505
4080
6399
962
8938
893
1136
5244
2591
6319
7067
2989
7431
2947
4465
9909
883
6312
1716
8365
7580
9522
8751
4369
5359
3655
498
1455
7215
2748
426
1925
1694
5878
5156
4933
9475
5479
5038
2023
1970
9424
2132
3581
30
5795
556
5220
6362
8376
5855
7479
2016
2947
4703
4996
1770
1652
1324
4685
9587
8226
861
6984
952
6035
2009
7189
5104
9152
1950
8791
4679
7170
1964
8856
4488
1
5130
202
6764
4310
297
5845
1660
5813
3350
5454
4992
7288
8934
9614
492
8335
6645
7228
5506
8097
1782
8899
1911
9418
6124
6174
1276
409
3162
5987
4995
401
5814
4914
5025
93
6856
1735
6310
8482
8346
8149
9380
541
9035
1521
2293
7325
6099
4110
7758
9681
2705
2471
5184
4762
1477
2693
7466
6486
2734
1374
9714
3968
9294
9912
4175
414
5990
8567
2383
4589
3023
9149
4409
1289
2814
5546
7755
9616
6675
770
1767
7987
8638
5043
5154
7536
5343
2440
9031
7372
6014
1511
8374
4029
4763
8021
2792
2060
9767
6959
6392
7160
5751
4187
8209
9644
3856
8465
8071
6554
4131
6877
4031
8834
1598
2155
4099
7667
4122
7293
6462
8804
6679
4730
8595
1625
2091
3891
3071
7880
513
7016
848
5762
8374
3146
8127
2758
4137
6754
5273
2462
7088
3931
6499
3334
1270
5409
2616
8402
8505
2762
699
696
1681
4679
747
7047
3262
3776
9894
2009
1123
5812
7233
3094
1919
2455
6761
856
874
8178
2703
6020
7613
3567
3677
1964
1404
3558
1024
3716
1271
3021
806
9538
427
4990
5591
942
7686
5006
4834
6704
9408
2318
9811
4150
8837
2137
1140
1841
6473
6531
6807
6080
9827
4214
1318
8990
5870
7710
566
3417
2230
2970
6359
4101
5336
1934
3276
2301
2019
3578
7475
2121
8609
4038
3185
6214
4878
4328
3163
8348
5945
5975
8873
1475
9041
8238
2999
3599
2265
103
683
3332
6543
8998
2282
2744
2567
4276
2616
6429
5039
3018
8992
6431
5978
7933
2584
1233
4941
8078
3865
8183
166
3994
7833
9906
4487
7743
2880
2136
3016
3707
2566
5154
8985
8061
6126
2366
597
6839
9743
6626
7420
8071
3573
1314
4489
4284
9911
1651
6680
4396
5941
5300
6652
7865
6614
4554
9871
4612
9951
5376
1204
958
9463
4489
1638
1029
7759
7041
6499
506
8864
3300
731
648
3449
8530
4680
3630
6322
4154
8360
6348
9286
8961
9247
4313
1628
5362
9740
7965
6868
2371
8350
4040
5768
2837
4311
6304
1090
1210
6149
3127
1018
5827
2226
6648
4418
5219
3892
7740
3045
92
7377
2697
2211
906
5750
3758
603
1140
2420
8351
4216
3804
80
6598
916
9741
4891
7912
8696
6102
5382
8183
5224
8001
5707
6801
5528
7065
5711
1347
4868
9477
1276
9378
3482
2189
4513
2899
6496
5940
4585
5968
4575
3442
9519
1641
2020
2657
7499
6879
5165
2077
925
2423
7621
8339
8532
4928
9507
2061
5875
4834
2710
3607
6692
8066
4030
5431
4828
5919
3007
7494
8231
9428
4613
7426
3565
3356
9446
583
2505
1481
2562
874
5047
4637
8654
3326
2592
5837
1735
1918
1163
5979
2671
8205
6410
9871
4428
5709
4565
7825
3835
4816
4908
7254
8534
3378
4059
1261
2570
1750
3200
8442
3095
2388
9805
184
6266
9429
6945
3251
7248
4122
9872
8851
6497
8904
6730
2856
6576
8628
1449
215
9897
7765
2785
3546
7156
7280
4063
6473
9112
244
8044
1203
973
2421
5798
5257
9973
4949
1038
508
8483
5493
7685
2332
1969
6784
6007
4433
2190
3022
7322
5973
1676
6171
2906
5870
663
1458
593
5293
78
1804
8046
9548
8815
7291
8033
8790
7826
1610
5843
9580
7471
2504
4046
17
2349
7458
1917
4270
7874
6008
3172
5856
2025
3043
6411
7418
7355
7102
5731
2798
1625
1598
160
1780
9538
1783
3323
2070
4604
6778
1985
4346
4235
3727
1449
2180
705
6736
6356
7058
3125
9659
1256
4738
935
9801
8880
2269
6195
1771
2871
7718
9202
3496
3237
1268
5446
7679
8260
8337
3243
962
5864
5119
2820
2248
790
9156
8535
4672
5705
2113
4546
906
6970
8309
7403
1953
1111
7332
3348
8706
3974
1188
7287
5150
5431
300
2383
3715
4735
2813
1349
5959
9426
3266
2265
8072
3485
3881
5656
6181
1776
1184
5892
287
2266
4722
3879
8096
1736
3016
3022
5616
8619
9771
9022
696
1896
317
4844
8805
8850
8582
5056
9756
4516
7321
9626
8977
4330
5666
7277
3314
7425
2427
1571
9058
3154
4968
374
1422
5723
5139
6315
5714
4304
8883
5910
609
691
6831
6382
8613
9705
1995
9715
1160
961
6577
7324
9418
7909
8464
3155
6230
1769
4488
5064
2804
1363
966
3104
7831
390
4728
2153
6231
2008
5546
9848
154
9613
9626
7592
8234
9976
5314
6868
9986
9627
5078
6333
2254
57
293
6376
9904
7560
2122
3950
9096
6720
9291
1105
5640
7886
1795
7816
1520
6621
2795
4470
6020
7790
8203
7255
5952
2131
6072
4953
7026
9643
2672
9373
6391
513
980
7391
938
8276
9120
2771
4839
775
8975
763
7799
9141
5659
3148
7441
6540
9189
4449
8126
7761
943
8396
5467
4763
3699
9313
7221
7958
4682
8453
1698
94
2453
5538
196
7734
446
1150
9407
3835
6466
2622
9873
8790
8303
9179
3917
7080
9791
6754
6593
1171
8996
9698
5688
2091
1478
1545
8761
8812
8341
853
5886
1107
8924
4636
1047
4574
8782
3015
3615
9524
4465
3435
7611
8636
5714
2457
6075
6762
9965
7666
5558
1958
6949
7636
7071
4447
4950
6217
7755
7150
7024
4019
2848
7497
434
3966
2390
3558
6203
3449
2537
2082
5250
9173
1571
9136
714
3465
7605
4721
1498
5478
7170
326
9124
2585
2810
4355
9864
97
3180
3080
3306
4503
7300
8718
5716
5541
6834
9551
4200
5117
5833
8714
4810
8353
6498
2684
8521
5522
6851
3055
8380
5025
7926
5328
9337
7716
6480
419
7593
9559
198
6300
61
8858
1614
8874
9609
2937
8548
2170
8154
8564
7350
2550
1443
1281
437
7167
8926
5288
382
5233
1239
1325
8116
1929
3321
4990
8972
4992
1783
9349
3412
3025
5435
2925
5069
2255
3423
5485
4103
3703
882
1592
9387
1569
9781
8183
6436
5185
1538
405
3465
2816
4559
477
9000
9336
2771
8393
5199
6903
3238
3708
2777
6263
9457
9
8953
9871
1481
4375
9485
6061
1239
5396
5840
9061
6272
406
4989
6195
2765
7935
8264
2036
460
2938
3971
9084
6273
4430
7839
3833
4466
6717
7627
3977
5269
440
7154
9006
1956
6852
1141
8516
6816
8539
762
9263
9065
1438
3688
9614
9480
8733
2271
4699
6159
9467
6029
9822
371
9633
5880
3740
3131
1721
5744
1440
1199
9919
3488
9890
1502
3396
5432
2130
4005
435
3418
4531
532
9828
2273
2433
9617
8033
9370
5358
1690
4613
5395
7943
1029
5494
5337
3215
3139
4974
5382
7907
6645
8767
3453
1076
3143
2245
5661
2931
6350
1065
7104
3966
521
8216
2330
5177
2240
5829
7469
5892
6573
7182
1332
1157
3448
7981
4398
9502
8187
2447
2178
229
9315
7412
7862
5031
1887
7784
6782
2821
2221
5054
5785
701
2790
5738
5255
7432
971
3021
588
1247
974
1727
5795
8475
4058
2726
2013
7868
2353
3721
8284
5946
977
3610
6375
4361
3688
3961
4450
5796
5541
9681
4309
8683
6890
7901
8357
9070
9553
1425
2276
8728
7790
339
1034
1417
5993
9609
6368
2001
9748
2117
4980
2087
6950
5863
8519
7729
2928
4902
118
5366
8853
4563
5182
2267
977
6489
5945
7334
3011
7558
5372
327
2777
4366
8856
844
2620
7793
2005
3405
9327
154
4146
5090
5685
5590
4405
9664
4297
4709
125
4732
5661
7199
7740
3447
7666
2580
9708
9171
5653
2366
6297
1699
9067
7587
3631
8395
1911
6757
9755
7152
822
4145
4644
3608
6865
3098
6351
9538
1539
4502
4289
8486
3880
8487
4348
4160
4347
2168
8580
5403
7377
7445
2962
7177
9130
82
3705
9798
2299
5397
328
367
4399
8014
3856
3890
1652
4615
5169
5371
7202
5676
2448
4930
5031
3185
6762
9007
8727
5428
3883
2557
7096
7580
2831
3955
9813
7890
4736
2121
8294
8509
5940
8467
2449
3882
4330
7387
8784
269
4012
3038
6260
41
9513
861
3629
7527
4948
8657
6809
8898
8351
7427
6594
7447
1401
1358
2439
8682
8319
3343
4451
5257
8615
1739
8103
7482
4396
1736
3799
2386
228
5561
5802
7024
567
3063
857
5474
3583
9444
3534
7355
2277
8530
657
1826
7507
887
5828
5955
5489
4311
4646
1266
1086
6262
6233
2881
1067
910
6987
9504
4682
8105
1802
5555
1916
1066
4904
8589
2986
9955
2648
7484
990
6560
6203
9266
9045
302
9659
2762
6560
17
3930
5082
6374
3661
3199
5220
1724
8969
9068
6803
1733
2400
2994
7085
173
4537
457
6937
3055
2526
3057
4202
7391
3794
868
1955
2277
5666
4745
1798
5139
8127
4406
1203
2525
725
8743
1144
6732
5343
3174
8031
1901
7436
2807
5133
8143
4708
6795
9365
9513
534
1857
7699
6846
7173
3522
9721
1144
7378
2068
1482
1884
5605
3850
9493
7939
761
520
1251
5840
9273
8176
4128
3496
3921
3556
8624
7864
510
3247
9524
9674
6291
918
2733
9242
3049
4638
2522
5488
2918
153
7647
560
9676
8732
3943
4700
6806
3443
21
5245
4009
431
3155
3372
9225
3918
6123
8433
3985
4459
4206
4656
868
1090
361
3710
9645
2758
3157
6491
3753
6343
1741
6493
7123
1883
8984
4900
829
7156
8847
6025
2363
1954
1487
4291
9471
2768
9644
6385
2418
4150
96
9551
7134
7670
8071
2887
8858
5051
3808
9020
7106
1942
8071
3952
2936
7638
7571
341
1624
5125
5411
3823
7791
4456
9879
9726
1298
4956
7084
4489
6950
6833
3005
1329
9636
5955
2196
8089
5571
3092
5164
9671
7277
5045
2604
1733
4802
7614
8128
6272
7027
6277
7966
567
7996
939
2632
1509
4816
5024
2482
7470
3355
5900
607
5189
5656
416
4788
4608
8650
1798
9441
3037
6985
2170
8681
226
4278
3364
1596
1879
8125
1771
6488
2727
8006
618
9101
2995
329
763
130
2824
1277
9411
6755
6051
6864
679
241
6625
5582
4487
5193
3511
765
3023
7846
8978
5318
3082
7051
7769
1734
5554
1357
8722
1889
7741
9413
3701
8035
2538
4974
9558
6441
9399
9253
9587
7363
9574
700
5277
5633
1880
2612
1305
2862
4797
3808
50
3734
2200
3455
7097
1947
7897
1762
7393
5784
1692
5394
5754
3153
5780
1726
9624
7559
5376
5837
7428
8416
2929
4129
17
3475
8471
2254
501
4227
2028
9316
345
500
5677
8361
5757
3754
3726
8083
8050
3174
5657
3035
1084
7252
1988
408
7726
7986
7810
1291
5598
6687
4952
9984
2493
6113
2415
6931
3866
6345
5439
9895
2477
7492
8571
610
6074
9163
1070
6300
5442
9495
7911
2802
9914
434
7804
9390
5850
6490
5757
1749
9163
8882
9138
6161
7610
530
2996
970
7269
306
5761
6644
9858
4960
2155
1695
4853
8300
2554
2823
728
7701
4995
1492
3902
7867
8459
900
8608
937
5653
2209
380
5645
2416
9138
6462
5719
2605
9752
569
9951
6767
9458
6418
1622
9360
8686
8602
6536
2186
8149
3356
594
7498
340
3713
3720
3239
8463
2008
5767
777
7093
58
6069
7934
4515
9369
1196
5091
1691
3440
7655
3180
7323
2310
8780
9571
948
1346
3529
2296
885
4328
8130
4656
3300
7953
1787
3279
8748
5975
5499
7674
3774
9927
8344
8859
3009
3023
1979
8229
8752
1201
5666
1846
5451
5555
5753
1003
5639
2411
2230
8047
8686
8443
2095
9676
2134
2618
6647
448
4972
9286
8795
1849
3554
7244
8154
1891
6726
739
6318
9844
1502
4604
2001
8214
5400
8623
1264
4027
2054
6545
3142
1457
5463
6597
1603
6639
3932
4947
4486
286
9925
219
5945
70
7488
5473
388
3246
624
5829
5134
6337
4097
4779
9837
9881
4594
5177
9432
8277
4940
4504
2512
8923
2515
8817
3962
3847
7173
1971
5679
1427
6173
9630
9477
5582
2466
5496
8596
6735
8387
1208
7550
2149
772
7836
7617
2858
9025
7592
3106
4917
3437
9748
129
5732
9006
6495
7112
6324
9370
889
3563
2099
159
9046
3285
9758
8682
8368
7003
2262
1396
9657
6928
3574
2466
9317
742
5966
9351
5251
3128
7333
7596
2572
8926
232
374
2517
8126
9002
4333
7490
5816
8842
1552
4674
5038
5277
6262
1185
9231
287
4661
284
7310
9662
6614
6126
7956
8924
5895
4414
6792
264
5792
7840
9573
9899
912
4677
479
896
3470
5499
9771
4265
6192
1036
6900
3443
6151
2240
8943
8758
3166
5336
7426
4046
2968
8546
6716
5829
6619
124
1743
1828
4385
8801
3171
2156
4628
5054
8634
8612
7113
5782
8431
8992
6126
569
5015
9617
8198
3864
8422
1487
3780
7523
728
7889
3899
5826
3837
7207
6789
8188
1431
7351
3117
5254
204
7922
8829
8749
7239
9681
6791
7682
7446
2175
5260
8146
8259
8599
7842
9723
6643
7491
1319
5060
1552
8644
5038
3186
1299
4176
4739
8045
1169
6909
4185
8502
5724
3949
423
4390
7378
1286
3099
7936
696
3394
3014
1
1283
1903
8305
6503
6760
3183
8533
2217
7054
3691
3413
191
9940
1329
1030
9337
2970
6574
1992
4494
6970
5176
3121
127
2744
1441
8920
9519
8476
3586
2989
6677
798
2149
57
3422
5700
9223
1996
9517
2817
9113
3466
477
1171
783
2156
7474
1850
8726
3328
7287
8828
5452
3470
3066
2145
119
7783
7649
708
1359
9957
7730
6915
8427
661
6699
7096
7166
1288
1825
4382
8034
8341
5615
9680
3448
930
7476
1613
824
4902
8802
7325
4208
3380
6962
3270
1526
299
138
2884
478
6311
4160
2015
9628
9043
8900
8843
697
8835
5215
5871
4588
1095
8028
1093
176
1596
4817
1346
4919
5245
4097
8111
8685
5383
5565
2709
9286
7871
1355
5989
3150
6402
5035
6152
3207
7573
3754
460
5477
7183
2655
4761
6779
3116
9692
6802
7252
2587
6078
8442
2760
9149
7716
5445
3987
2573
4077
8044
5304
6508
3901
8789
3558
2558
6568
9684
7004
5144
4799
210
2899
6922
1141
9494
827
9840
6174
2286
4950
2182
5661
8329
6349
7258
7483
5001
6001
9973
2783
7967
4606
9429
243
1217
9873
696
1081
5809
6999
6664
7603
6105
7424
1480
651
2553
6499
4677
674
9554
4529
5336
1823
2961
9393
1913
6862
9388
7068
3808
4959
7615
7865
326
6519
6114
8765
1058
3505
1183
4362
7037
9338
7342
3716
4445
829
3838
9342
9077
4937
3365
889
3590
606
748
3281
5842
4466
8104
305
1563
2310
3056
4315
6863
8119
5290
1579
2378
6118
8222
4100
2523
8291
5561
9177
4425
6289
1330
2300
3591
7464
3290
1593
2070
5549
617
5613
1826
3999
7836
7791
1818
7668
4043
7146
2713
7223
8519
8226
460
175
7888
3848
1880
4091
2001
1564
415
6240
1240
9086
6614
7459
9127
3661
2602
3365
915
4486
6370
7307
3990
6360
6935
9557
76
8646
4025
3768
2538
3698
4853
3427
184
2060
7679
3240
8283
6775
115
937
4080
7757
9977
8605
2708
6439
2284
567
5748
2879
2721
3881
6521
9011
8083
8493
4970
4826
9558
9550
7880
3362
4893
2478
2457
3983
2062
4673
4074
5272
7669
7369
836
5271
2606
4652
5279
6011
9525
799
8781
1536
4709
7014
1008
4013
5178
9082
652
263
6075
34
4600
3634
1141
4969
7439
2912
5100
8612
7326
4601
7865
9806
6953
7894
2839
8557
2460
7080
1388
7589
674
6773
3125
9656
6642
6352
2471
9468
1305
8043
6458
7356
9828
5408
4943
2562
8389
1271
4686
3788
2213
1569
3184
424
8851
1787
8641
4050
9384
7543
7392
6723
4135
5235
9475
1421
4538
1785
1407
4991
3185
7361
630
5667
9502
2754
3204
4941
7696
3948
3955
5066
9311
7641
2273
7503
2154
9891
6894
2980
8864
2990
8503
6548
5658
8953
2959
6765
5560
8269
3127
7808
6819
7499
5661
4647
3128
890
7311
6823
6208
5215
30
722
2857
1708
9163
1637
8036
2613
2301
3998
9187
5472
2407
3738
2270
8891
5594
3098
8165
6788
8528
4504
5313
9689
4610
4329
6729
8268
5637
338
822
774
3665
7431
9227
8814
5390
164
2018
3001
358
8283
1831
2979
2564
3688
2590
7020
723
780
3437
4034
5048
2909
8918
8711
9940
9464
8374
8087
6325
4808
6075
6494
5857
2743
594
3148
2332
5388
8921
9142
3954
8137
4256
6780
5627
2026
9410
8011
9909
9439
5503
2008
7895
7007
5757
2851
7675
8889
3042
490
8162
7467
279
3655
7029
7330
4442
9033
2995
9418
3427
860
5039
8034
1930
3660
7752
6795
1132
9389
8977
3423
7572
704
6026
90
397
988
2185
3070
2501
920
6114
810
3423
3065
6136
3697
5646
6677
3509
872
9800
1774
4702
8501
2930
6669
3099
8874
2805
5750
9310
3367
8973
759
3618
8564
8283
2088
7048
6339
912
2785
4241
7778
6166
6274
9810
1180
1035
4971
5807
4546
9520
3445
9979
1624
4836
6712
7390
6877
262
4962
8564
3088
1431
1206
8635
5190
4709
5897
3782
4605
5980
6314
3181
680
1225
4103
3546
3076
2141
7178
8221
3764
4889
5782
5747
9474
9151
4158
3511
7730
3922
9733
3126
3948
7666
7512
5215
3181
6627
3383
8119
9945
7615
9765
8160
6567
8834
8742
7257
5040
8861
5763
9101
5641
1612
9208
3558
6996
3665
6348
8506
6830
5518
111
3496
4083
6787
4318
1822
6712
2275
3914
6484
7784
7215
7778
3274
5799
3603
2473
5241
4335
4037
5849
379
7645
2498
6617
7569
4337
8188
3109
142
8843
6064
9380
2682
2157
9630
3472
9874
928
3777
3035
7891
2402
1209
669
4767
5520
6887
3820
9251
842
6678
2237
9938
3304
