2850
2463
3393
86
9934
1035
314
6870
1603
9396
144
1814
8957
6079
4812
5623
5363
5639
6811
9717
9712
9509
9115
8540
1627
6935
9113
8213
5870
7678
9765
2944
2400
6501
5893
6158
5724
3963
8027
1164
1860
7840
6767
7537
8406
4923
2388
7047
7368
4188
1643
1891
7141
8338
391
7379
8188
5505
2456
624
1456
3482
1601
4505
7878
7097
3255
1609
2887
9016
3290
4302
2051
7245
2765
1035
5778
8368
2248
511
6600
7458
520
706
8396
6136
7440
4061
3243
7455
5499
3186
6430
7530
1342
625
8926
1023
6739
4309
1279
8180
6078
1546
5450
5932
275
2805
4372
2308
7401
8170
9333
3854
1533
9460
8627
127
1569
2554
2681
6912
2291
96
2668
4228
8195
3150
6128
8018
8117
7966
4177
4990
1151
8915
9756
5412
3286
7352
81
615
5952
9442
4992
260
9722
382
7648
6068
9195
8230
7869
4846
7087
448
9564
8382
5887
3260
5750
1566
6323
3201
1831
5064
9598
4182
5093
3541
7614
254
4674
1995
1428
9677
2400
8320
7142
1177
7035
6427
4285
7451
5338
1923
3522
9419
3150
1175
5701
3876
7466
9031
9498
9654
5120
8430
4519
7598
7376
9149
9116
6443
5003
8071
8891
2062
6317
5287
9008
8713
1475
2338
3336
3688
8566
9194
2658
2405
5289
8132
2264
4342
2967
3270
5180
4485
2898
6216
565
3859
970
9723
6170
1417
1003
8629
5099
9506
1596
7583
5210
4306
7236
1119
95
135
1118
7465
5558
282
829
7081
3047
69
3085
9025
8701
6976
7726
3146
6822
1536
3712
5449
4451
3141
2823
8926
6876
68
5705
5816
3088
4237
1810
8185
4149
4052
8594
7796
3617
188
4272
6285
8630
8705
5123
6078
1573
6779
2739
7656
3952
6049
4447
3673
3935
2609
7255
9197
4212
4028
5601
5012
3294
6524
5575
6786
2395
7406
1426
2471
489
4457
579
3801
8050
9248
2735
4522
9581
7352
2431
2252
6955
1865
6106
9820
5137
2018
7922
21
4413
9923
4165
7354
2651
6185
9012
1523
759
2469
5132
9093
2265
5416
7250
1298
6024
2772
7059
2171
2367
7252
9857
1872
6319
2013
9597
9304
1908
9526
2139
7404
8356
926
7938
4988
2114
7407
2722
4416
1689
4193
4527
1255
1257
6571
8728
7208
7583
8238
1311
288
8436
166
5998
3425
2036
5997
6787
5395
6537
1918
9065
4359
2603
9322
6478
622
1812
3132
2503
6384
2972
4647
3480
6988
385
1518
354
6794
426
4948
5398
3079
6164
8505
2966
9465
9410
1186
1649
4022
1971
1133
8062
3249
9896
5324
2070
6679
506
7564
1203
1359
9820
348
428
9269
7119
5324
5738
7771
7861
7672
2903
2598
2642
1035
8073
1549
8350
3297
3381
1155
6556
7538
7913
8890
102
8313
4252
7280
7184
683
2523
8043
997
2854
7299
1167
1442
5882
8757
8674
9531
3138
8363
9408
5187
7137
2404
1587
2691
8407
8067
5522
4032
884
5529
8309
5206
1552
4169
3272
2107
3421
732
2548
6821
1432
4941
5458
55
8500
6565
9231
6775
9053
4293
3031
9620
7738
9957
5403
5937
255
5051
5922
7132
2068
2391
1906
4460
8208
411
6724
9307
8186
5536
9867
4481
8589
8162
7930
4439
4576
1258
1880
4447
7889
603
465
1431
1340
7904
2783
5914
9069
2168
9292
6265
1104
5336
3306
4820
4757
4598
7827
1553
4035
3641
2307
6479
9452
9329
8352
3902
7413
9791
6348
3479
3853
3494
4244
6019
5433
9791
4812
4009
7785
1453
2681
6071
919
2393
345
3532
7545
5591
2516
3578
6066
7057
9437
9880
9613
8659
1219
3528
4868
4631
7779
287
2019
5186
1996
7350
8304
3135
3245
6008
8256
7789
9953
2840
6902
2056
9677
6451
3077
8672
3205
3816
5821
6920
8868
7352
7849
2580
7783
3512
8204
7211
9974
8147
221
9870
9163
531
8029
4848
975
1096
3523
9430
2279
495
6493
5599
6018
8179
3559
7102
5337
5542
4631
74
8854
6254
7035
3872
6635
7279
7101
7051
3663
4455
524
3613
8781
8937
929
4490
1148
949
1863
5134
9990
983
9568
8132
1960
6910
5957
5330
8894
7085
9941
1627
4163
7172
5525
1379
2266
2947
7332
7797
1977
7489
3590
2650
7423
8334
9689
8225
1694
9794
7592
5330
5200
1084
5739
7609
6853
5928
4135
8287
7991
593
5569
5105
3014
8436
4016
3931
967
19
3708
3125
5941
6052
3706
2134
6615
8435
1510
6893
3580
5877
6577
1047
1570
4792
7221
2840
9047
849
3989
4531
271
8825
1444
9996
887
8257
5219
4949
7436
4596
1920
6764
2620
3901
4856
150
2448
4108
917
8107
5230
1364
470
5791
4533
4569
1245
38
6499
2449
2577
6842
4465
3203
1881
5543
2434
9825
6633
672
5256
7827
9618
8385
181
7504
7072
1906
8771
220
2823
4369
1714
9393
3789
4300
8322
3875
5404
7118
8981
2776
7085
7248
2551
2220
1935
7728
304
2301
3220
5066
1271
9707
3031
7343
6658
7371
5543
4209
3569
9184
6311
5846
5854
6310
4058
44
3124
6565
5367
855
1897
8729
3700
3237
2467
7496
668
7920
4079
3566
8052
6784
5574
2480
5893
9283
5624
8400
4459
8768
8046
9181
8875
9668
6539
83
843
1500
6899
5445
5671
526
1623
6056
5378
5076
883
9501
6133
1582
8970
262
3248
2104
8434
1657
9500
5843
1621
8836
58
4060
8343
4355
6550
712
3874
1733
3255
595
8740
5635
1752
10000
3486
961
8699
9287
3084
3036
9204
942
316
2069
8269
870
5995
8672
9834
8642
6376
4424
2153
9674
8918
8895
4000
4443
7893
7680
1036
8225
7247
6272
5385
7140
6004
751
3789
7131
85
4553
1822
2773
7752
9407
3875
587
288
2565
3545
6221
5404
2117
8309
9325
8822
1729
8191
4207
7177
2774
7463
1042
7995
5658
6733
6824
2066
4616
8142
1616
4939
3333
7606
3041
8507
2962
4703
1894
771
737
3616
2317
8198
1467
9193
7641
2434
6673
8922
8406
6311
2766
6380
3793
3633
6167
1427
8651
5558
5151
1852
9578
5538
8626
9271
8545
270
6420
3486
7125
623
7227
2861
5485
2548
6590
6283
2383
3511
530
4803
406
2674
2355
351
5863
2927
8259
1272
2944
6450
6596
419
2804
5716
2837
6473
1013
8659
4980
1609
4057
718
7264
1087
6793
604
2484
7795
40
8139
5733
9385
5631
7662
2081
1690
1743
6392
2618
877
618
8891
5238
1257
6549
1085
2158
2888
4850
7057
2659
8480
8520
9348
278
6967
9333
3759
9320
8557
7665
2452
4954
9278
7042
3066
4911
9936
3394
5293
5262
1212
3052
9928
5958
7183
1359
1887
5281
7406
8846
8587
1557
8690
1787
1238
7512
6737
6970
5658
7143
1947
4070
9049
7033
3176
8003
4856
1181
4199
7135
4464
8038
6979
767
1823
5066
7251
9147
3116
8183
7085
7220
7345
4444
2602
7167
5289
517
5034
3433
3102
9968
5212
8851
1149
4026
3247
8809
5808
7642
8494
8135
4237
5023
2998
2127
1355
1362
2686
7874
9677
3269
2975
2884
279
5826
600
754
1669
5686
9104
1342
2963
1337
5282
3164
3742
8978
1878
2673
9713
5302
9189
1376
4376
5482
7321
2165
4112
7638
6708
2092
6436
9805
8696
537
704
8083
7156
1756
2710
6924
5948
9222
4125
953
6524
532
1146
7662
186
1223
6145
3354
7967
8392
2202
3761
1248
3274
9275
467
5551
485
6945
1898
6114
5833
5601
91
9950
7701
487
4386
4961
9834
1599
7187
8587
5703
7784
8259
6021
8323
3385
8362
2318
7429
2660
4405
5442
4809
663
7380
6631
7348
2462
1172
1261
255
730
3938
3532
154
6906
5916
938
2172
6884
5773
3927
217
109
3451
5862
4429
4937
6786
4021
9833
550
234
5855
8458
4632
3883
166
1087
53
4401
8825
7465
2744
4234
47
3467
8122
5634
5308
5468
6809
7326
2574
5111
5934
2135
2356
7468
6160
3899
3223
4881
585
6158
1690
360
2042
3378
5771
225
4624
7884
8698
5308
9598
769
4437
5886
8299
3991
4604
3935
5373
6024
537
6352
7470
2259
6250
6289
862
7092
8233
6557
2200
1583
7839
5514
2514
6073
3542
7366
3405
6407
6578
9379
3464
5679
5014
3536
7220
4671
5926
4318
749
9297
1559
9688
9475
60
2519
7196
5059
1787
5136
6986
430
3582
3745
6484
4054
2601
4751
4984
7208
1746
62
4099
6248
1157
9809
7453
936
9478
2584
752
5147
6793
225
7329
7798
268
6458
4055
6239
5364
9560
5886
8568
2031
4725
5563
1011
861
4900
5047
9344
2050
2559
675
1872
9382
5825
3381
5653
2628
5095
2604
2671
5536
3501
3081
9603
6295
4522
9863
6479
7971
771
5967
3646
3872
6835
4184
621
1783
7159
3131
6597
4981
5650
5990
1025
142
1779
9151
2608
8144
6100
9097
5338
4775
7934
3400
1232
9742
7716
104
5218
5234
5916
6182
9711
6884
3462
8102
6229
4996
3950
3700
1050
9933
2526
816
6114
5796
2908
6576
1209
9629
8715
7342
2092
6381
8527
7577
1401
1428
1604
8707
6264
3454
6144
1651
5128
7668
120
6348
1111
5040
7696
2471
4950
8585
8544
7495
79
8774
5749
6670
375
9250
5057
9628
1257
5382
6764
8559
9354
4323
7713
119
9867
9177
1946
2600
8273
1859
2121
9972
4981
1653
6273
9192
1286
9914
4500
8309
7917
3277
2896
2646
3741
8224
3129
3660
9600
5989
7547
6508
6325
3724
9664
3
1232
7114
7053
6380
2270
7287
5701
8699
1677
2341
5860
3808
495
502
9801
7478
2948
2084
6148
6951
6069
9128
679
6703
9973
4335
3138
8126
3178
8219
2037
2016
2504
7136
1788
7101
9537
6410
7830
9145
9048
5336
3341
5073
4834
7097
7293
8465
9586
8666
6700
8181
9034
4748
598
7436
3489
289
3091
8973
4250
5515
1056
8178
9217
5537
6994
4054
4342
5673
5870
6501
3382
4105
6153
461
124
8771
5783
153
1361
3006
5746
1799
7372
3743
9936
3074
3093
6327
9152
397
9777
177
4818
2141
989
4956
6158
6499
6785
9099
1398
8547
1996
7284
2244
4332
300
6902
1888
5974
4310
9258
7920
8301
2540
5170
1667
9752
6720
623
5213
1526
8128
1329
819
4699
879
3402
7413
9938
7349
1154
7280
114
402
2646
6431
2904
4630
7273
2002
8037
5477
4117
7963
94
1337
4497
1047
9419
818
3560
8532
7302
7677
5653
9708
9232
2789
771
8004
620
3363
9508
6451
9347
411
178
5526
7230
8710
6457
6210
9762
9700
1743
586
1495
4191
9588
1330
7384
8475
6279
7718
6984
9052
8053
2469
7605
5164
2014
6507
4133
3853
7708
5851
8521
3107
9568
5822
8455
1590
7593
7678
8065
223
6576
722
9450
8486
5918
5475
6283
7929
931
4358
8433
7245
9631
663
5669
901
8313
5286
1208
8285
2278
5457
5449
4451
2079
8980
9853
6875
2925
6141
1014
875
8710
3075
631
8086
2113
8806
3319
1272
7731
2831
4050
9955
9564
2633
7367
2478
5003
666
810
9392
7757
4877
1371
1104
9281
4201
7188
4152
6304
6644
3892
5377
7552
8615
939
8133
6946
4423
3797
735
7933
7814
8644
3999
2439
5369
7757
1616
3642
3212
5653
1022
873
7723
4383
7584
7125
274
2887
9262
2759
2578
9326
5140
3680
888
7872
5949
4675
9417
1511
9020
9049
1278
6160
8968
5530
5770
6157
719
9173
5445
9589
9762
1860
7346
2091
4047
1011
4379
2137
2363
4340
1739
7185
2150
1357
8491
6592
9338
6955
7860
3399
6118
1437
5713
341
7512
9437
5984
9577
5773
6180
7768
8509
2554
3132
4795
4289
4268
596
2395
1745
4633
4642
6100
8718
5988
1510
598
9288
6484
686
6932
6073
7532
8357
2369
1085
8165
8163
5511
9128
6857
5681
5647
1399
7163
6100
8746
498
6526
4562
4749
3843
2652
3974
2352
6812
4531
6641
6611
569
5865
4046
8671
4502
9095
4033
3120
3398
9066
1529
7507
8948
3792
8709
3037
5153
4909
5875
2095
3342
6792
1216
8541
5941
1075
959
6792
6853
3694
2981
6618
3492
264
6894
6718
7016
4801
6495
8363
3515
5484
3014
1897
1965
6953
5325
3007
1856
1784
8157
8414
1990
7291
6688
6119
7042
617
2699
6050
4725
6714
3549
6115
5941
5319
4572
557
5778
5140
7276
3743
5478
3890
8838
9115
7655
6615
1061
4311
581
1890
2715
1379
1718
4807
1269
4165
7735
64
141
3872
4280
67
7297
31
3538
4977
6334
1607
8308
2774
1404
1303
5793
7465
5037
8525
8610
9538
5007
3066
7224
2580
5692
1350
9524
855
122
3739
5702
5034
8152
6422
8124
6999
7861
634
6886
1590
1016
5687
4411
5884
4704
3721
87
4714
5472
1075
9996
3820
2353
961
9582
4732
9835
1133
4552
6565
7784
8403
3138
6712
713
8257
4848
1904
8591
8102
2208
8103
7931
440
8374
5315
1712
2107
8580
2296
5330
5740
5870
8269
1383
7948
9610
3399
2245
8231
3473
8255
4559
9091
4413
810
7919
7628
3657
7397
8318
6698
8238
4904
4057
3874
2789
8418
9811
3024
8190
9236
2260
389
9940
6486
5976
817
3831
7434
633
9335
1727
9503
9677
1062
4159
7055
3506
9072
8890
5371
8054
7106
9769
372
4348
3148
2310
548
1619
2214
9150
8935
2901
2347
5555
2736
5594
9683
4390
1986
644
8347
9617
2990
4792
821
3543
764
6212
6725
9341
5520
5618
7661
2693
7929
2074
4934
9321
5519
603
3813
9627
647
583
6728
2993
6292
9346
2365
8758
8445
4867
9283
6944
5351
7058
93
8487
6786
3348
9858
1470
6077
8379
4843
6704
4459
1130
2245
74
4657
4976
2649
9939
2493
5017
2217
2992
4681
8997
186
5754
9552
4496
9474
2928
8069
4821
657
6130
6780
6641
1944
9536
1342
4213
8643
3621
5678
4069
7108
8559
8297
9370
2698
8007
1695
2688
4782
3331
5731
6151
6126
5159
9801
1050
6835
6208
1894
341
5651
4413
3967
3145
7483
9148
4100
9856
8317
4314
3077
1181
5968
2072
8261
8812
9218
954
8632
848
5844
2868
5050
4218
8239
8820
7836
3857
8491
3443
4976
2805
9436
4940
8197
8776
4842
7433
4436
8056
9032
2943
5606
729
5069
5460
1383
9422
2059
3287
2968
9219
7389
7088
2129
2541
5335
3345
8540
8263
4187
53
8623
4300
4075
8138
1081
8873
2105
1032
961
6081
2148
8572
6221
5592
6426
9246
3702
6910
4858
1214
5682
1158
1007
6455
9261
5654
3468
1775
5839
4230
1375
1994
3806
1828
9996
7105
1870
5487
2567
3786
4561
3720
7881
975
17
4149
5712
2965
6346
8497
1878
4665
5347
8522
3646
6231
2409
8674
219
5345
8528
80
8439
2296
8219
410
5179
660
4180
2138
125
9389
4964
7578
8862
8002
8965
4993
2123
4283
411
9050
4927
6594
395
5108
6269
9680
4347
7280
3980
2974
3797
3402
7027
8344
9531
1125
9200
4874
3853
3252
1214
9045
888
2867
4296
4041
1594
4989
7268
5585
7960
3285
7793
6630
3369
6852
1219
4701
5197
8074
4026
263
2440
8877
2151
2886
7756
453
4032
9070
5789
7139
2413
5625
2840
962
9356
9755
8932
8618
5889
320
3211
5449
399
1998
4026
423
9419
7999
5402
6764
1584
6211
1364
639
8446
5275
411
6313
7616
6730
7121
9123
6663
1693
2145
2148
9975
5975
7099
2871
8310
157
3007
5200
7389
6817
3955
2500
6765
6633
3065
7699
4111
6262
3369
7665
3799
3911
2974
2091
9748
6285
9923
8541
9006
3906
6951
4988
3779
903
8678
9773
7453
9452
2443
9641
1176
6176
35
9062
5290
8951
2229
5675
3136
7370
2734
4462
8165
918
3565
3328
9315
439
3243
2175
7824
1106
8968
2076
9003
3845
6334
3799
646
2506
7707
2118
9708
1417
7279
9873
9358
3787
6297
7190
6271
4139
845
2312
9532
2533
8030
5147
7308
5610
1687
8555
7446
5218
6437
1071
393
724
3631
5463
6124
8019
4151
6645
6103
5474
8424
1231
1768
7414
1560
3324
3269
9973
3900
9257
9547
8722
9291
7709
3189
4308
8075
7186
9559
2642
3235
9902
6289
3655
4868
4812
7225
527
9427
4446
5485
6541
3386
8498
3377
8095
5760
8105
2915
939
7306
7223
7851
672
6514
761
4440
9045
6167
6923
1098
6168
254
4740
6627
8952
6198
251
8058
3294
4713
5192
6891
4135
3027
7459
2560
8509
711
4804
3338
6341
5930
5776
9514
8014
7413
4301
5016
7266
8899
2683
5225
7904
508
8649
6390
8952
9852
2861
3694
3338
3582
5171
4130
6403
7425
270
948
7022
6417
9735
2645
940
492
6901
6889
3727
7404
609
2801
628
434
8125
6218
9096
4230
3987
6129
6877
6583
6632
4743
7023
9859
5302
9476
7322
4745
8825
2875
943
2734
6684
3590
3285
9218
5819
9222
5783
3633
9206
6914
550
9059
6272
3106
303
8951
2667
948
107
6444
7290
9971
3793
3685
9332
5
3481
4464
8641
3630
2313
9804
7408
1068
4445
5329
3725
6806
4059
7359
8434
4534
3679
1785
71
2574
129
563
8879
8981
8616
3704
5031
8915
7362
3450
6663
5742
8344
882
5643
