7055
8583
6013
5099
6714
701
376
7147
1513
3282
9391
9585
2251
426
6467
9830
7188
1744
4432
7023
8500
9554
9929
7060
224
5187
281
9033
3851
7729
6639
6434
5318
8697
3169
7886
9138
4499
8910
5145
9963
9422
3168
2780
324
3857
8149
1842
1682
1608
8292
9383
9052
509
58
5469
5017
6991
4639
3069
5289
866
9374
679
5828
6291
2476
6347
9852
6649
5905
7663
5186
7252
9338
5819
7404
6672
5097
4431
8769
8395
3125
7574
9661
3540
9870
9595
9432
7139
7136
4669
8362
2025
4231
66
9063
6555
4228
5162
8778
8626
1019
2720
8389
5104
1518
3301
4682
6161
5951
5530
1646
4192
2369
7576
6805
9475
2345
4518
2422
3992
5526
5968
4281
3877
8128
1556
8816
8612
7126
9454
7301
3163
5852
370
2501
9488
3158
796
7239
6685
5425
9968
4164
4884
8734
811
2623
8138
9996
6076
8347
9932
1009
9865
7712
875
4983
272
4595
4140
8918
3119
5213
4344
2485
9281
7342
8194
8997
8886
9409
5749
82
6369
9901
5343
9102
807
9253
1251
4291
6078
2075
9188
4634
5964
6504
9017
5514
2484
3005
2083
7042
1735
5979
7982
6396
3765
6852
5876
1000
7173
8543
6108
7363
5972
3745
9694
9563
3173
6249
1071
238
2303
7471
6099
7530
6776
2188
1184
3952
308
9099
4239
9186
3679
1902
9762
1746
7674
4261
3055
2747
2577
4685
438
5341
3791
5369
4728
5754
318
5655
9
4275
2114
1067
6447
802
4588
5139
2536
3793
9819
807
2630
7210
2809
7058
3374
374
1498
2104
1630
6926
5397
2835
2482
2160
5650
7104
6823
1752
3379
8883
286
1252
9266
3605
3577
5581
2631
8446
1419
963
598
2431
4474
622
4923
3670
3563
3892
1627
6013
9485
9087
3420
9508
2521
8063
7212
3391
2189
2135
7795
5850
3247
8005
6981
6668
754
5548
4420
6953
1628
1715
4978
6606
5420
1150
9352
9424
2275
1348
1814
2737
9861
7972
945
6689
474
6379
9122
7786
9753
2913
6944
5401
4155
7350
2454
739
3895
6586
8820
4561
1659
6316
7102
220
1070
3523
8258
6396
9178
8419
7315
9890
257
1881
772
8716
1433
4803
285
2368
9789
597
2416
846
5141
9703
901
9347
405
821
4085
5170
5381
9579
293
5767
1076
5068
8566
9530
6459
206
5982
7159
9301
4345
7514
4649
6870
9542
7006
8842
5163
821
4506
2822
8
896
9055
4849
913
8970
2247
9953
6028
9843
8857
6551
4052
8483
3616
9118
3242
8971
3297
1386
7226
8610
1268
1511
4285
4075
9446
7012
2366
3657
7283
588
3428
1532
9112
9311
5739
9962
1128
4417
3740
6048
5426
8661
671
8440
6354
8304
7278
4924
5765
2792
3171
3589
1150
9183
7778
4213
2204
5527
447
4142
3058
7336
5425
796
4963
4096
5675
9350
402
5948
3220
5980
1975
1916
6716
9900
8667
5193
4684
2338
8847
7026
6485
6465
8854
8867
8235
1566
3839
3173
8180
4312
1589
7475
973
9623
3327
7888
6274
82
483
4879
6085
4410
8836
5925
2190
8765
1960
6722
1134
7465
6655
1427
6386
4950
8403
6907
3256
7407
3975
6302
5721
1822
326
7963
3555
8406
3155
6545
9936
9053
2466
6452
168
8934
7954
2055
7539
2039
3064
3771
7884
5894
7823
7195
6732
4988
8815
6571
8742
251
3653
511
7827
7752
6028
54
8386
4670
3804
6946
8898
4467
8925
9742
3690
1048
7050
7495
5479
3502
2553
5902
3736
569
7280
5516
8397
6089
4743
6122
2514
2043
4986
810
1258
3795
1344
3838
4720
27
4635
8389
5800
9203
7391
3358
2562
9139
1011
8540
4009
7416
865
916
9773
3568
4346
6733
8922
1562
645
5232
1546
9902
468
579
677
8894
6355
6117
1196
7159
9310
6522
8626
7751
4376
7878
1740
9515
5918
1736
7055
3478
9123
8225
9969
9925
5951
9812
1152
4504
1997
1414
7765
6267
6782
4448
2957
1182
6224
2856
958
333
3258
4763
7949
4555
2311
1247
9422
4851
4129
9012
8554
8962
9187
8805
8007
3943
7067
8353
7610
6459
9520
4622
4257
4894
4669
2756
8084
5226
9411
7624
3691
6186
5055
1499
5786
4489
1087
9832
9258
3795
6783
7511
1611
5060
8392
6680
52
7438
7908
4424
3413
9922
4155
9335
8664
6205
2821
6222
4656
1912
3048
8090
1641
6832
7891
6210
4574
7058
4493
3721
7037
7246
4218
1901
7788
1761
7118
9333
1364
1634
1087
4306
7572
7558
8863
483
7717
9214
4696
5071
2918
3861
554
3004
6823
1302
2525
5749
9230
5174
5928
6136
8535
6282
4921
1613
9745
1115
225
6313
6337
119
5140
1075
8978
4531
4861
2001
3060
4702
4446
7869
2246
7854
6184
817
4686
1665
2802
440
5215
5360
4893
4116
9551
4919
9598
4229
3347
2804
4910
3876
5579
9978
8645
8172
7338
4953
8389
1777
9652
3637
663
6342
4760
160
1662
3628
9659
5193
4018
7903
2048
6181
2931
7288
1780
8168
3540
3846
1920
1426
8262
4874
6289
1244
2962
2332
957
8062
9644
7117
5314
7952
1322
8486
3279
707
9165
1162
1895
9052
4606
7745
2838
586
3072
9406
5583
4737
6804
18
3717
7458
4328
2313
1829
1420
6893
9412
934
123
8991
3527
7
9962
1989
9399
8642
5935
2284
5382
5211
7717
9797
1200
4167
3491
2670
6043
7739
2925
6405
9616
3670
1238
4605
9323
8901
7347
1766
4945
2267
3385
7299
5370
6
8833
1685
7363
6240
7157
5504
9158
6883
3210
3501
7244
8607
5931
6967
3835
7827
4127
1181
3629
290
3155
4285
2995
5592
4828
7883
249
2350
8842
3719
6202
7436
3871
1911
2759
9787
108
5004
3019
2417
9450
5972
6998
2457
7392
7028
1302
1109
6884
9557
414
7176
6084
6961
244
6574
5322
7056
9560
2091
7115
8490
5097
2146
836
1768
3918
6309
3818
1043
5125
1184
5229
1162
2966
4063
5758
503
5059
9551
1743
6181
2575
5830
9357
9211
5883
2254
6581
7677
1376
8246
4954
9186
4647
9203
7616
159
2712
9371
5988
647
5116
9736
5951
1500
3733
9233
3216
6138
3725
2347
6054
1297
3962
1225
7625
2644
9233
5557
3988
3799
4090
7230
5955
9169
3222
9002
8664
9412
7911
1676
8901
6450
5220
6684
9830
346
1268
3274
176
6932
799
9762
986
1825
7744
5774
3210
7431
6457
2577
9653
1522
6499
8313
3821
8994
1302
6724
9503
9166
4682
6084
4576
7292
1651
7680
2828
5945
7914
5652
1610
3915
8611
2523
7163
2290
4881
9459
2507
4033
8121
8117
2646
4139
1847
5439
3807
651
8142
2087
6466
8870
9044
8345
5389
2102
8083
2703
7153
2446
9228
5889
9856
5485
413
9563
1874
5994
5551
1277
3595
5241
9578
1839
7566
2615
3776
1360
1652
746
5182
7505
9984
2477
2075
3237
1529
7458
7541
4689
9495
8307
9625
2384
8663
1394
3273
3142
2806
8802
4644
7180
752
7222
2097
6575
1121
6140
7577
4928
1390
3300
1663
5890
9486
8263
5973
8215
841
2381
9435
8888
8811
4626
4507
5148
9095
9282
2037
9512
7804
6090
4399
9282
6910
5745
7092
9995
3957
2221
47
6270
6384
329
8107
4443
3509
2856
8433
5108
2948
3856
7220
9323
7530
5504
1834
4839
2301
1492
1916
547
7660
4809
7087
5497
5257
7316
6889
5539
2963
4436
4305
3013
2641
2232
404
694
9180
7293
9754
7231
2031
1737
8945
8122
6865
797
6250
5954
7109
4428
5632
3061
1271
8708
8347
3639
864
5122
9761
5441
3258
8959
770
2445
6704
8637
6578
1638
9640
7001
7828
1627
5490
7742
2793
9446
357
9466
9909
6366
7890
4851
3417
2032
8175
953
7593
2953
9949
1330
4938
8421
5644
1718
1402
7432
4211
4418
9418
6584
3833
9833
247
2321
5537
2778
1452
5085
1223
6201
504
5778
9788
4584
8842
7358
8469
5384
9311
6256
6395
3404
678
8383
8003
2371
2696
405
3196
9703
9872
4762
8301
6543
163
1178
2972
1879
3730
8465
8685
7073
2657
6458
2518
9983
8253
344
1179
3814
1494
2508
5102
694
5288
2086
8353
4638
8457
5564
1279
4059
7995
9416
7615
1470
8762
3769
8510
1728
9069
1619
4182
7555
6806
579
5171
5413
4361
7672
5229
4537
4710
8898
2100
693
832
9603
3086
9594
6179
6314
4991
3486
8988
4389
7291
9144
3708
4906
470
7676
7829
7308
8150
6707
3285
4452
8040
1295
7211
7317
3402
9979
1970
1429
8853
9514
7731
4024
5533
5462
3933
8729
2730
179
146
859
870
8825
3372
5308
8595
8967
5722
7741
144
7044
5158
1802
9589
810
6855
3617
4677
7105
6181
7499
4979
5078
6968
4927
6134
9055
211
3082
2954
2153
7241
3050
4058
33
3451
2853
4978
7141
1282
9635
1888
3981
3885
718
2949
347
8612
6677
9033
1563
9282
6565
1838
7408
5618
9853
9279
2092
1963
2106
8161
6786
2053
366
8836
9836
9383
5104
3443
7003
2407
5413
2241
4946
5362
8097
5114
4946
9084
8606
4913
3297
2014
8535
4498
6197
202
6884
8082
2457
8613
4468
4280
4892
6055
8120
8540
280
3965
4334
2166
4287
6817
32
4139
5475
4866
2278
215
5129
2890
2387
2034
3453
7681
8417
3938
3132
2898
521
9338
5129
320
51
1414
8890
3185
8206
8240
7664
5316
6885
8753
9778
5187
804
5005
9753
9910
5788
8850
7991
9939
4244
7817
6739
7860
4459
3561
4446
4496
8844
7290
5346
1739
2108
9823
662
1732
8850
480
6638
9585
6529
4974
625
1880
2530
7143
2054
2708
2014
2210
3789
7395
4640
9925
3650
1835
7960
8220
5572
7043
4174
3262
1429
9501
9906
6454
7657
7915
6925
5168
5815
7485
8805
6599
4569
2402
8948
9614
3923
3711
3960
98
8035
679
9056
7252
1227
9749
4713
4812
1521
4686
9273
278
4624
5178
5950
8142
190
3246
7208
8435
5054
6765
4793
6495
5717
8132
2100
2864
7684
5591
6609
1346
2801
2139
869
7104
2593
4349
5096
7718
5353
6639
1982
748
5700
1948
2150
2447
3527
6005
1321
3405
9305
239
9212
8091
5979
9758
7387
3124
8800
3254
6051
4843
982
5326
2595
946
7849
3765
342
8455
3808
7694
102
8789
9317
1435
797
7430
5889
4138
66
8357
9262
6967
3584
8006
7821
2597
4294
7026
7745
7261
3712
518
1683
6398
4677
2232
7729
9490
1145
3128
659
7453
7716
5188
2042
9190
2293
7851
5075
4934
4472
6731
8836
3896
7197
2110
7433
114
3697
6182
5921
858
2877
6207
1860
6506
6077
6108
9439
9219
9663
5164
9793
1515
5515
2669
2008
7103
2847
3889
8531
2925
697
2098
9926
5788
3994
2912
6196
4581
5304
5579
5215
5698
6575
423
261
5061
1259
3840
7856
5527
6773
4389
3375
537
9143
3041
2395
558
4760
5637
7069
9557
7164
6319
3575
5586
5683
1790
5484
8658
5960
3478
165
9154
8250
7731
2032
961
8791
2196
228
1840
6551
2050
9892
1981
8765
9195
1167
8751
4503
69
9963
9125
783
8071
9197
6476
2646
2652
3932
1613
1491
3781
8308
359
9613
4529
6034
5212
4002
3918
8207
8533
3944
9276
1267
2155
411
4175
9256
6499
4917
9576
348
160
3585
1425
3425
9357
9232
6042
4082
9101
9333
847
6263
9007
765
9283
2746
7835
4897
196
9985
6435
8351
1497
8776
9564
110
7514
4376
9590
9790
7218
3490
3549
7717
7972
6035
69
7542
3033
9024
7297
1217
5982
1342
7902
97
6525
3529
1155
6580
2129
2295
6014
914
1776
6684
4211
4108
3509
6144
2693
9042
5882
3200
4896
7248
5117
4123
4993
3942
2581
4543
2083
6138
508
2853
9730
5706
5324
3441
9218
9551
9392
6269
7261
1374
2668
1775
8535
8929
737
6040
717
2119
1405
2680
7841
6319
1050
3676
6983
528
1068
6583
7336
309
9010
9959
3674
9967
3094
4402
4688
6689
4088
3311
4791
9935
2655
2969
1183
2841
2105
579
1116
5461
3910
5847
8655
1823
7918
3239
252
1780
7968
316
6666
4184
9144
2230
7410
1153
4020
9717
1011
9068
1875
5779
7941
1509
5816
2760
6079
8362
3608
1989
1737
1749
2954
4078
3562
6919
1233
3889
8368
2908
313
7318
6933
1954
3581
4930
5062
8444
8573
4595
5936
1814
7884
9011
356
7016
9602
8191
5418
7628
8725
2620
3408
795
7182
3382
7885
2702
5610
233
7626
7058
9968
2823
1584
5316
5447
8050
5434
874
9880
7629
4640
9752
9866
771
8400
5833
2369
3806
7609
3017
2229
1175
429
6754
590
3291
4801
1974
22
6016
49
6464
6654
4633
66
858
2847
135
5645
9176
1934
1481
5609
8689
6042
4609
3035
6145
7612
6381
1183
7842
6824
7806
79
9801
401
5862
6950
6928
1205
4796
9600
8729
9324
5266
7552
79
5906
8308
2544
7236
3056
5879
7162
2863
7946
3742
7041
342
77
1554
4825
9577
1932
4071
4985
3628
2349
5130
8983
9094
3235
8442
2688
6569
1560
1556
7703
3376
1228
3808
4317
2019
6232
6544
134
5325
1438
145
8233
1103
1004
3803
5364
5982
9822
9851
710
5610
808
8157
124
6407
919
7829
3174
1652
2818
5210
9049
6939
2953
6797
9919
1509
748
6657
6625
5405
5840
3598
8156
4978
3343
1589
5597
5159
78
4020
7613
4629
8250
137
123
662
7241
592
860
3547
5885
3079
7447
4339
2821
2631
2997
4588
8649
6783
5593
9971
9703
679
475
3898
5051
5754
3795
1010
5923
2408
9043
6678
7065
4683
6829
2724
2317
9244
705
7350
2003
732
1505
4268
890
2108
2628
5229
4162
1084
2999
393
8799
6910
7818
8249
5342
7103
8235
3584
8793
5033
8614
2305
8924
3565
6237
4077
5263
8330
7444
9813
9714
8791
7239
7078
6261
3355
5864
4300
2588
7037
6667
5691
5232
3416
1482
8469
4815
8981
6883
4249
53
9906
3815
270
8300
5882
4919
5008
7319
4228
2374
2564
9765
1244
2150
7329
3879
965
2614
2941
7636
7427
3155
7141
9782
1695
9192
1141
7289
1083
3735
3623
2958
6735
7083
8625
3100
4244
4232
7204
7613
6907
6759
5363
7446
3061
4534
7248
4096
552
211
6873
9413
7428
9958
4210
7354
3929
2215
4105
8238
1690
3886
6132
4735
114
6745
8407
5989
9670
1542
8354
2975
8414
7308
476
8828
7538
9822
9597
4022
5857
482
2177
3271
178
3680
9911
3414
1327
1225
714
519
4546
305
5414
8457
9273
9544
6267
2246
7522
4373
9232
3898
6069
2092
4047
5339
1192
94
4250
7439
4725
2283
1994
7504
3735
3749
612
8928
1140
7392
9684
7685
3184
7027
9282
6070
3744
2942
5774
51
9234
8947
9028
9372
8944
149
9101
8865
1592
7129
7400
854
7142
6513
616
290
2916
7756
2032
2732
3295
1469
1354
2716
7801
1
1373
6931
590
5290
2992
3314
8501
2167
6206
1843
3129
2935
6676
6856
9416
8870
9094
2438
4243
9063
9563
9051
2294
2249
3790
1088
3709
3049
8318
2990
2145
1872
9691
1301
6425
9618
2981
4654
5702
2140
1425
9996
8710
8881
2025
3879
2358
8878
7929
1297
3370
6555
5434
6689
4331
8898
3200
3448
6372
8930
6302
9808
5342
3239
4405
4127
1673
4490
3873
259
2541
9964
1819
243
8770
8142
6637
7679
9552
6200
4718
366
6994
5918
4293
2349
9389
5158
5621
6693
3157
3049
1653
3137
7129
1662
3949
1926
4088
9549
6095
3871
1886
9163
1994
2233
8656
1380
5978
3454
8479
144
3761
7351
1614
481
401
3042
6802
8169
3109
8974
2147
6862
7091
2892
951
5397
942
9181
1132
5528
8462
2095
3977
1902
7605
7719
9812
6171
2881
5041
8506
8370
1774
94
3886
7865
1057
2020
3616
3171
6889
1687
2040
8063
2885
1718
2405
4159
5294
2492
6318
548
1263
9859
6959
5370
8961
305
5085
9466
7359
3445
1201
2994
6299
1175
7195
3339
6732
8671
1589
5971
4523
2749
4692
1539
162
7848
6943
9311
8692
1402
1572
2338
5985
8210
5281
7037
3481
7593
2194
2557
4956
7197
1989
9251
1587
5736
2737
4479
3221
7265
8590
2164
1432
5234
9515
2771
7692
8076
5487
1815
3199
7091
881
9102
7631
9388
1268
8638
3888
7292
8692
9373
6065
8755
3596
385
3771
2100
4815
740
4649
8834
8341
4163
1009
7019
4415
1291
3403
3782
610
9564
7460
6754
9886
5783
4607
3941
9178
2116
4960
415
9082
4618
8036
1354
9300
9216
5056
7596
7669
9788
494
4626
5166
2778
637
2519
7938
1993
1729
4004
1473
2700
3039
8791
4227
6364
1095
8365
8513
3255
3977
638
971
2343
5370
8109
8928
5280
2752
9262
1690
705
144
2683
1359
6760
636
8102
3522
5515
3257
5845
7956
2459
4104
1443
2170
3115
4967
3643
7610
2244
3137
8317
392
3226
1197
2469
5610
4091
2979
6732
3888
2508
9360
1198
5778
2523
204
9191
8487
5815
5994
7969
6802
4391
8251
9693
536
6646
4812
9700
1145
7602
530
3517
1352
9372
3800
119
8872
5108
7989
9015
5773
7629
9058
916
5818
1455
8990
6858
413
4915
7185
7039
7947
4264
2550
7737
6054
9491
798
9935
8536
3628
747
4857
1223
4392
8645
5986
4539
8847
8006
1821
6198
5413
9275
9982
9187
163
9459
3922
5651
7339
6568
4610
7167
8796
4711
2799
7330
5350
2999
6260
5319
3868
5139
9636
1904
8867
4191
3614
7566
2400
2699
7967
2103
8843
2933
7999
59
1872
8695
6122
7135
5221
4949
7173
9594
9580
545
7878
8586
8666
1682
2490
2094
5403
3096
2749
2793
3442
8397
4228
5010
3909
7009
7399
811
7578
7803
992
3352
3385
411
5664
4172
820
8390
5090
1246
8096
8810
3967
9581
4149
228
6429
7223
3394
711
9967
1140
3417
8340
2
4094
4864
9185
1474
4496
411
6214
6493
4226
9664
9227
1440
9748
6153
5531
1051
7165
9376
8990
8322
9556
9888
2262
4983
4712
2522
7131
5437
979
579
6617
1960
3713
987
6909
9429
1941
785
2210
4557
6416
5211
5910
5157
3494
562
7689
5093
6199
4165
8589
5108
6714
366
4702
518
2342
3514
9291
7607
2413
1545
5063
6757
5096
6835
8865
4515
191
1758
8498
1359
9826
4996
1673
8609
447
5059
5738
6964
7919
2467
6188
7009
4311
4831
3633
7297
5179
2774
5791
1255
63
6908
886
8942
4655
7730
4180
1745
6469
2850
9749
3060
6713
6477
7820
7660
6944
2261
4974
9068
7785
2259
8509
7540
9816
9977
1226
1457
934
4204
8392
3640
2941
9631
9380
201
2129
2498
6600
7293
7384
3175
8694
9602
7980
8656
5145
113
1686
4566
5693
9909
3115
6818
2890
8060
5618
7133
3636
4701
793
8030
760
9298
5900
177
5178
4085
8490
990
7254
7915
6717
2288
3199
2635
2049
6358
4201
3903
3025
8314
3375
2406
6791
9491
9967
8387
8882
5063
6813
8051
5025
5403
8113
2202
1958
3176
1539
7179
5593
3748
7991
1089
2120
6067
2398
1343
5520
1526
2450
7393
5462
7435
3155
7845
605
7146
6870
8298
7993
8682
2358
7628
3790
2370
6343
6225
9522
8610
4301
6249
9223
8425
9744
6076
1185
4434
8345
7812
8546
5000
3612
7498
2126
8924
8698
3042
2570
414
9668
4027
4849
3063
7768
8329
7370
9767
8422
9350
9168
3592
5344
5093
5547
6473
5376
5264
896
508
6625
8398
2958
4009
325
6837
5428
4444
8801
4417
5166
527
2010
7998
6193
5833
3919
7381
3590
6404
309
2083
8452
8842
9658
6893
5544
9986
8361
3167
7078
454
885
7431
239
4551
8173
2206
6427
3083
3920
7035
9584
9877
4742
1827
9880
900
784
2884
2560
9463
1140
756
5618
7333
9993
8600
667
9095
13
3108
6751
4764
4387
426
6660
8191
7318
6158
1533
7062
2132
1003
4888
8557
4640
8
9125
8050
6084
9276
8131
6411
8094
1214
5468
9634
4293
2515
1678
8298
232
1432
1732
16
9443
473
6015
5167
6142
9158
1428
4951
517
8304
9658
2119
9702
4683
858
3703
388
7064
9036
4685
9200
2518
5660
2784
8514
3345
7181
6744
601
7998
7747
23
9647
6624
7772
8864
7684
5426
8582
1434
6519
1721
683
5971
2834
5724
903
1778
3587
6269
2512
8796
4062
8145
5379
3388
6296
2761
8250
8751
1673
9964
1533
4730
9444
5621
7874
3707
6953
1973
183
5366
9545
3209
6649
9316
5200
5694
7998
2060
263
6825
2611
2542
4971
8848
1961
3701
7663
4683
5986
3524
3624
5632
114
3931
6241
2202
2291
5367
9357
6414
6760
7409
9002
7093
9359
6442
9118
4026
5068
1436
6775
8828
5916
5757
8806
1543
281
8372
4530
6672
8551
1894
194
8149
7246
29
6562
6739
4966
2475
7318
1101
7593
2795
8708
1852
885
5650
2943
938
9263
9503
4805
8211
3735
2619
2151
4609
8187
4934
4330
791
3034
851
8371
1797
2280
5201
852
4538
1984
8063
2719
6939
7790
404
9299
144
7771
9496
2642
6928
4461
6768
2859
6606
5962
1727
2689
4771
5697
8012
1108
6932
6664
1073
6745
2133
6802
8715
3110
7193
5498
75
2789
862
9784
7608
5976
4964
8744
3082
1654
5679
2416
3504
4643
5278
5966
8966
5334
2381
4706
3838
2864
4128
3671
2434
5231
7037
2577
9552
3303
5171
4269
185
3623
6999
3130
4536
315
5588
5421
9778
2337
4436
539
6522
9982
2769
5598
1895
872
3337
2920
6693
4941
1792
7887
1377
168
8641
4445
2607
3205
9312
3525
994
4255
9025
5111
7821
4321
2634
4735
2725
6950
9346
64
5672
7634
5163
389
9652
7488
2067
6023
3920
4702
9649
7687
7772
189
8816
8240
5076
7198
56
7915
9015
5321
6328
6084
4295
8632
9847
6979
1821
1614
8427
9688
1849
8960
5211
9747
9418
2166
4374
5674
1630
9259
3809
5417
1245
3800
4647
5245
8488
1864
584
7901
1166
8813
2434
8077
8229
6592
8365
9797
4081
6160
851
8840
4434
6631
6277
6260
5155
651
8076
2894
4591
3787
1155
2403
3581
744
785
4110
2025
9028
580
4633
8222
5283
4582
5878
519
979
4428
984
5387
8736
9477
2514
7606
922
2863
9475
107
5368
3503
1560
6661
1242
9234
5348
863
4267
7170
553
7819
2324
6763
5348
2435
6911
6414
2722
701
1795
4307
2265
3502
6043
9856
6660
8786
8874
2972
4609
4968
7944
5406
7913
8188
788
2898
1212
1232
1893
9896
5050
2104
823
2971
9109
8769
5639
4342
3347
9006
5712
1943
1333
3639
3642
5925
4491
9509
788
7793
5088
5570
6846
2842
2243
2870
1304
7556
2446
6066
2930
8115
6608
3483
8471
7390
7359
6755
3434
7302
1946
7753
7294
2612
8114
7431
3649
263
5765
8686
4864
1056
4035
6808
6680
93
2358
4053
5289
9860
5780
2502
2365
2746
4923
5392
2317
1302
4523
3412
1198
4695
6545
4756
5388
9649
7080
5249
5432
4695
3717
9494
4368
1269
6816
580
9874
8109
5801
3452
6033
2113
4150
7764
7193
3429
5027
714
9722
895
9948
9619
8379
3081
10000
3551
8035
8914
6860
6660
439
3455
2685
6607
6538
6653
8881
6285
4864
9028
1876
5749
411
6551
6680
9294
6832
2577
7505
3772
4688
6400
1194
3610
9019
3310
1021
9544
8809
7034
4736
7323
1874
6260
2311
3092
1783
512
9208
929
1557
6138
856
5021
4153
8547
9761
3958
7752
9948
8085
7833
892
1670
6745
643
776
5414
8825
6147
1349
9094
4060
6603
8061
6328
7099
1460
9213
3134
8071
1696
8004
8863
5217
5209
7243
1300
9782
2329
6507
7454
5300
9382
8737
5010
3924
9457
7009
4535
8451
5574
7299
9489
9199
9777
9158
1929
7841
2073
7999
9104
6485
6755
3791
3075
5113
3767
6845
4448
7045
4255
2169
4907
5850
4846
863
1673
1123
3562
4992
9487
6649
618
7979
1901
626
5019
8426
700
4667
5033
3988
3518
3820
5609
7676
9377
8678
4041
3734
7862
5938
9433
1089
9212
1372
7534
9727
5788
4856
3766
1437
3081
8915
902
3769
8325
3224
1383
3558
2738
4519
8685
8164
7612
9986
7461
8360
431
9553
1160
3825
3917
8631
1857
1924
6516
3570
1301
4427
2556
5444
8719
5089
8445
1887
5837
5403
3706
4925
7809
3118
7100
9050
1702
3780
6878
3008
9345
4444
7658
9246
881
3048
6139
6000
7970
8386
9216
355
4105
3145
8623
219
6927
3086
5072
9163
728
6823
8893
91
6769
1531
6250
1771
7446
8480
3901
4180
3490
5753
8422
4326
4486
6294
4937
5516
7116
5959
1839
8805
2467
771
7061
3363
5278
753
2857
4960
2773
210
629
9461
3224
6376
396
8421
2058
1054
7352
3689
1871
2873
2880
2132
6082
6653
3706
6619
77
965
4750
949
2709
9496
6690
4270
9276
2196
4211
9341
5515
5118
6492
873
3820
2433
1822
7411
4392
558
6117
3341
4395
7674
9399
961
3193
9487
3783
1587
804
4611
4325
4324
5035
7620
1226
7807
1977
3058
8206
8207
1357
5587
2146
432
197
2976
5147
7040
9431
3888
4173
9854
1817
3760
2008
3585
9291
2913
6884
803
2362
9232
320
6324
682
5730
8657
3793
4984
3634
9301
3142
1993
3002
2153
1541
5518
1074
2421
4807
5173
5249
1577
5661
7869
9752
8897
365
5843
9947
8107
6534
909
3824
3341
7386
8358
7406
8563
5198
2789
5489
2101
1068
7559
1691
2859
6009
9364
4382
8490
4505
6414
8449
387
9015
6154
7113
5890
5194
7357
6841
600
2670
6361
1711
741
123
6261
5274
4108
4868
3616
2503
397
4290
5346
969
5225
5569
39
5469
5425
7419
2372
1998
3068
9231
4228
2999
4698
210
5500
470
9796
5298
3711
659
3871
7024
9288
1161
2719
6499
5899
9425
2167
8363
7575
2784
3092
8025
7506
4170
2440
2402
1484
5263
1287
1441
4564
4130
6904
8009
5602
4990
8936
2914
5143
5290
9661
9642
578
8087
327
229
7731
8726
6690
5393
1133
8266
5148
1682
6967
1470
5881
1776
4797
9205
678
2727
830
7700
1267
3598
8333
7124
9093
6433
1421
3900
2427
4068
4700
235
7824
4228
4986
6646
5320
7271
7566
6759
7627
293
6073
1661
5565
8424
6924
2129
4058
566
9414
4766
6807
9374
7692
4020
3545
8020
8996
2514
1356
9512
525
2680
6114
9136
8994
8378
4257
1605
6424
6108
2464
1481
9660
2532
6868
8075
6131
9335
8238
9976
409
5639
6957
4681
267
9858
8911
9403
3454
2949
862
7697
2198
8518
9961
9897
352
1714
5360
105
2430
9849
7007
8522
7344
9862
2778
3274
4811
9506
6832
8398
5838
5074
4537
9702
5817
7315
5272
7627
8058
6794
4592
5528
8677
9986
3135
585
9505
8539
7920
1690
6847
5487
9416
2808
2175
6869
2038
688
6396
3729
1093
2896
3592
2208
2516
2642
2646
1585
617
8874
9041
1316
3602
3400
4060
443
1679
9922
5444
7346
3112
4946
8486
4797
2872
5769
8721
3546
9984
2176
7647
7502
8122
9073
3856
484
2030
8178
5316
406
5895
5284
9574
825
63
5890
683
746
3486
7523
7946
4347
5383
7756
2909
6182
7638
7851
5801
6749
217
2098
3261
4655
7191
6789
5515
9515
4859
4030
2329
148
8664
1950
3912
4198
4060
3066
8438
3945
8866
2596
7356
9375
7173
7787
8255
8096
271
2744
4246
4348
1490
544
8570
7446
2848
310
4858
8840
7330
1734
3314
4527
1952
2326
8944
6504
1653
7921
9924
8233
745
787
1576
7161
933
2367
8922
2643
9309
265
5569
62
6860
6775
8934
8864
4215
9230
2933
4654
6659
6783
1987
6393
7567
8388
7073
7585
4997
6781
8748
9521
614
73
4754
2610
1694
3509
801
4120
3460
8797
7757
481
1495
783
3661
7158
8096
9966
1564
7289
9588
2100
5181
3433
5464
4019
6613
4122
141
9197
9195
9832
9900
5562
2584
3786
6819
2266
5908
734
6254
9018
9034
4183
7054
5625
9692
2804
6641
3946
913
9789
4732
225
723
9620
8174
4400
6047
6347
8637
5913
1884
4668
564
1069
2181
1754
1070
6591
6380
8711
2181
4419
544
6835
1834
5980
2377
7730
9544
2838
685
6467
1794
8991
951
7252
1352
6293
1573
8057
8403
1666
3316
5726
2730
1280
2272
3599
1946
8831
4896
930
1890
2162
3382
3377
9643
445
2900
9587
5476
1949
1126
219
9106
1386
2145
3944
563
1450
5613
5157
6298
5062
159
3856
6828
2601
7879
1622
423
2082
4354
2146
3649
8959
781
6036
9523
8241
6450
2656
5977
4182
3794
6419
5166
3431
2043
5692
1253
6995
6906
8358
1107
4866
5746
4273
7942
3134
4281
9222
5443
8832
5752
7635
514
1772
8022
4834
1372
5765
3912
3399
4853
5250
3658
290
5130
7885
6306
594
167
577
3196
1894
220
1150
8579
3002
7267
8685
120
8367
8237
9723
4368
2350
2679
7284
2114
5879
3109
792
6001
1934
1582
2252
2893
9504
674
4484
7230
2119
6498
4118
3221
2567
3908
9294
9942
429
6108
7180
240
593
4583
6765
1840
9817
279
1659
7429
9700
8798
7061
8935
8337
6881
9115
76
6388
9160
2081
6128
8675
2628
6008
8845
997
8006
4201
3907
6278
9028
5239
3374
3055
7978
1464
159
9315
3631
6103
5963
1538
9709
8270
201
5027
8979
9585
9082
2786
6214
7844
2607
8242
2280
1560
156
4816
5316
172
7742
1451
3094
9752
9004
979
3355
6406
8759
9273
8619
5192
7793
5742
9514
278
3393
385
7928
4366
9154
5401
2858
8805
1272
5655
7479
2563
8071
9338
2863
5416
88
8438
680
374
9112
1008
6484
8367
8098
5393
8549
763
8066
6700
5953
9509
4404
463
401
6917
855
7672
1460
1856
6541
4036
9390
3103
6021
4117
9693
97
3064
837
7950
6153
7926
4360
5535
4017
7556
5418
7897
9071
8965
4336
7612
9888
5743
3043
8072
7661
6244
595
527
5440
1054
8487
8307
4599
2277
7994
3118
6270
7569
2008
8686
4834
5168
3071
9322
9908
1370
8463
3969
5810
1090
1960
7664
7226
3282
3533
2075
6993
720
2589
5739
5203
867
5443
2099
3534
6081
7924
7027
5224
6998
4785
2450
6243
7734
8677
1654
4325
6836
6736
2199
8473
5126
1994
4261
7411
260
8188
2055
4180
7667
1134
4208
4068
1293
3827
3991
3553
9583
4180
8905
3225
3820
1951
8646
7262
1283
7854
8920
7181
6579
6255
779
4814
7172
2105
4100
7892
9884
946
4614
579
1861
5033
1338
8250
6142
1968
3675
1751
7409
3477
1112
9146
1245
2521
2231
6532
5298
2963
6492
2880
1536
1474
6299
5532
709
3958
7847
5476
7892
8440
4880
1442
6178
8856
1055
7258
6237
5177
4337
7530
3422
8168
931
5698
7932
3200
5800
7265
8555
2791
5719
4301
2520
9419
1894
994
590
4434
120
5751
4365
1850
2986
2242
1081
8761
4490
153
5818
7710
8829
3842
9610
588
627
584
4832
6292
5442
5605
6500
2838
5880
1848
9349
7385
4235
5904
8720
6158
5361
1818
3352
8364
4153
4114
710
9100
1906
2170
1846
5491
8762
2715
1486
356
1419
6446
4778
774
9848
8885
3323
8980
3563
1126
4977
6167
7328
4530
5785
8662
9564
6028
1875
6488
7045
5761
1738
8928
3054
1089
2601
6193
8426
5338
61
737
3666
2547
8527
1219
1929
7762
9155
9738
7475
7650
2804
3092
3155
9932
7625
1715
5804
9577
936
449
7996
8081
1882
6007
3297
3162
1221
6372
222
1362
9888
6979
9432
152
9326
6251
7868
2515
8014
7821
2624
7180
9781
6682
5973
7394
9432
8230
1029
8001
585
4048
2913
7005
4242
4353
1124
2550
7979
146
6661
4416
6860
6195
3160
5387
9887
2163
7260
5511
7510
9030
5537
6659
9258
6305
5731
2379
7640
3739
8623
5343
2799
6495
54
526
3348
9206
9583
9596
3677
6594
129
472
4846
6932
9078
1936
371
8587
8347
7376
836
951
3856
424
2323
2413
7425
2156
2206
4152
379
1945
6028
182
2677
9341
7651
2944
9380
5435
6178
5979
8799
4700
6694
258
5758
7548
6819
9267
5551
9181
5790
5080
4633
548
1599
2103
2459
860
6776
5337
4666
3738
3519
5087
8600
8447
6607
5314
2164
6624
3253
1518
6940
6767
1924
7531
2345
5346
1645
6080
1885
6936
844
2116
2265
2963
6528
6881
1560
4440
8869
407
8440
6376
4667
4188
6412
4214
1355
2692
8418
3149
1066
477
139
1950
9102
5730
8849
293
6439
802
4709
1745
3939
4819
2046
4680
4343
3735
1929
838
4733
9944
3042
3032
2436
7753
9014
1433
8965
9918
1157
4132
4132
2454
543
9181
3584
6879
2032
8457
5519
2429
9263
5276
6907
695
7614
5550
5839
9985
9434
2755
473
3587
2323
6642
9504
7015
5969
1116
9460
1125
9699
782
9737
7169
2022
7911
882
5121
7943
1820
2077
5073
3208
3608
1620
7982
4219
7522
6730
6944
4705
1029
4545
3
1829
4590
9343
6161
8813
7809
7599
129
4018
6593
9264
8038
7086
8709
5675
4874
9117
4530
3082
9430
1182
3031
7276
1079
1876
338
1997
4952
9708
7318
5411
5161
6147
7811
2408
120
1905
6133
3351
8650
595
3738
5558
4761
6639
9963
6294
8324
8280
7410
5721
6219
6203
9645
2920
8512
6224
9504
2547
5055
2717
3537
7802
6335
7415
3616
2032
1690
5552
7423
4414
6638
8081
3760
4440
5339
6745
2709
3518
8393
6785
2076
7977
6641
4605
2772
939
2529
6124
2565
1711
2837
695
2058
5006
2928
922
728
2230
7754
2139
4252
3759
3262
5752
5998
5592
12
6724
7164
2493
7195
1330
822
1204
5766
3054
5950
5047
4386
4124
6824
4935
148
1328
6944
2984
4483
2070
6325
3724
8236
2371
4808
2212
423
717
163
8215
3536
4794
6469
9534
1440
9875
5302
8963
5003
6371
7909
4371
9601
7586
6924
1846
121
8530
5002
2649
9920
3511
2129
333
8758
133
3949
3504
8674
6391
7604
81
1092
6707
8104
3358
2583
8107
7974
3208
9354
8016
8206
5646
2992
8441
1754
5951
4439
1068
9764
6144
5513
1280
8693
9740
3153
6343
3856
6081
8501
495
9605
8146
8892
7091
223
843
6936
7900
2157
173
69
9395
5399
6621
9240
5107
6927
4290
9232
6785
2492
9106
9070
2120
1271
1255
2973
5602
7261
4340
399
9939
1256
2113
8201
9720
394
7321
3065
1024
9854
376
1813
5117
5165
5408
1648
2525
3054
9159
123
3915
4800
2473
9512
1035
7565
6597
8073
8416
7497
9880
4527
326
3580
6160
2090
3854
6564
8127
1677
8274
50
9386
4692
9780
6591
6531
3513
3838
4568
6916
5974
9211
2639
9544
9472
5131
180
2258
7561
9354
1680
7987
494
5522
1645
7432
9603
21
8650
7812
7692
3123
2804
138
5348
691
2255
1506
178
4850
3737
7780
9905
9616
8359
9366
910
8993
6239
9412
6902
701
349
3383
3813
5116
4402
8311
7355
3170
3765
2764
6685
8403
1357
2401
7033
974
965
8917
2510
299
2083
2883
579
4101
2959
4644
7529
9801
4664
3896
2899
5528
3200
7435
9764
9575
889
8595
1563
8622
5735
3617
2209
5397
2479
9084
4596
8391
3169
6849
4514
4119
8066
8036
5385
8985
9575
9747
2099
5365
1170
1554
5273
627
6823
6203
3835
4497
7336
2630
8507
6298
5431
3766
1894
8102
9986
3558
6281
3647
8354
8968
9768
9660
1045
3880
2389
3375
7404
448
3
2330
7298
8714
1996
729
8592
8488
6025
7165
3150
411
1638
5812
5412
2373
3400
2575
4403
8972
9595
937
2412
7942
3842
9070
9083
4308
9459
2483
3123
6432
7989
3048
3320
1671
8387
6528
8927
9649
1200
5571
179
4712
3821
3557
5125
6080
8110
5264
2317
2545
7480
1629
8252
1058
2755
1259
5257
3325
411
2142
2402
4650
1970
9494
8312
26
6348
7086
7261
9176
7787
6367
9306
4782
2162
4773
74
9155
1048
206
4630
6274
6804
7405
1821
7004
1755
7672
6741
7988
1470
7391
1596
6901
7251
1610
5204
8727
2540
5965
4304
8531
4007
803
854
5116
1520
480
9643
1736
9835
7914
1575
5077
2257
4811
2562
7338
3786
421
8178
2471
3110
1319
7449
6147
817
613
5950
7318
7719
2380
8555
8472
169
3105
1526
3788
1040
8621
7244
3548
1309
5865
2258
8818
6416
6163
34
3374
2692
1657
8344
4233
2830
6046
6932
5821
2387
4980
30
7428
9369
1002
9301
8921
5210
9883
2534
2902
7236
1749
9962
2466
2407
6012
1226
919
9781
5749
1049
3656
5311
2660
9823
6100
961
6681
6971
8544
5904
8783
8319
9714
7047
4525
377
8003
9976
4862
7090
2973
4860
7890
439
4762
5416
7068
2481
4937
3615
1009
1019
3070
5800
713
1074
1281
1464
8815
9715
4857
1940
7182
7526
2121
3894
6408
2408
6707
6872
9378
8965
9720
225
3604
8480
2462
4785
5655
9312
5643
53
3707
5685
2382
3077
6435
441
2164
9864
6025
6817
3620
3308
4805
2594
3254
2974
3245
4592
4282
4144
8126
1619
7576
6210
5300
9387
7166
3303
2679
8431
7866
7218
5801
5198
3260
7253
405
4725
7807
6332
6986
8526
7238
9519
7969
677
3572
6549
6843
9540
5878
2701
9150
9704
8160
693
1151
2250
8989
6045
4514
1572
8149
6269
8061
9768
6080
1166
5256
777
9266
3014
9137
8006
2275
6605
8098
3467
5808
6934
1067
7307
5717
3177
1555
7504
5195
8082
2570
6938
551
9535
2680
494
3893
1471
497
1238
5539
1147
6834
5805
9229
5605
5490
1282
6793
7448
4835
72
5229
5717
9388
2463
3807
4633
6820
3472
2643
1111
3343
5557
2774
4905
7568
9749
9373
5211
4955
9404
471
4527
2375
5498
5271
179
6584
9582
8901
650
4279
8868
1361
1171
9676
7339
9566
7337
9072
2558
3148
3799
7569
5156
2101
4660
4908
3522
8364
2892
431
9093
6816
4172
3724
5785
5464
6651
8039
732
5809
6856
5548
4222
6169
4239
6574
1302
1787
9449
3858
1188
4843
982
7579
7656
7871
4161
3426
6935
9874
8028
6631
8619
991
954
4999
8433
1442
8324
5245
8675
5044
4071
9734
3716
9480
9616
4530
7215
9743
8459
3870
5892
2299
1510
5141
8606
2760
2193
3189
4291
7799
233
4546
8227
2695
5392
5234
9420
2299
4341
2161
2748
3109
6633
2173
6396
3555
8067
9301
1062
9341
7025
4058
7879
7353
2281
1350
9966
661
5947
4237
9812
2498
6728
5813
8016
5229
1043
5798
3467
6305
6956
7815
7868
5455
9977
2663
7585
2130
5212
4961
4995
1173
9497
2655
7566
7464
2198
5691
571
1922
585
4556
9293
8561
5547
5139
9029
242
7298
3551
1556
6333
2880
6690
6733
1180
7489
2528
715
6570
9270
7451
6720
3953
4094
7776
1694
4109
6538
4796
1705
2026
5854
2958
2662
7539
7309
2872
232
3844
8266
6807
7744
8513
7321
782
1649
9670
7529
404
8696
9298
6604
304
1516
41
6900
4038
5035
5394
5368
4231
1622
8348
330
9675
6571
211
2566
3455
412
5960
1514
1495
3019
7568
8538
166
5288
6378
8216
8397
8731
7387
5720
8662
152
9169
9968
4378
8513
4664
1165
202
569
5917
7211
7249
9332
8001
3876
4898
6133
9685
311
9304
4848
8851
6014
6357
5734
1645
7082
3768
5183
6029
4697
8479
40
8127
9308
970
1416
4724
9304
8829
8638
787
5298
1188
6063
9233
5542
7197
7782
4997
7610
528
3044
9588
4187
409
8706
6607
5336
5760
7898
3601
8791
5416
2394
8343
2673
4902
4548
5297
1556
1742
3650
2550
5907
6985
5692
5323
7601
1899
132
6045
9234
7083
304
3320
2610
8858
698
2980
1024
1265
3668
2104
1264
1100
1510
1865
1780
6274
172
9211
8327
3600
1862
7175
945
831
840
729
1270
3906
5023
5447
6463
1986
1824
1267
226
6608
9984
2010
1677
8022
162
9473
2637
4908
8008
1197
2622
1773
9939
3608
7897
3854
2789
3836
7006
4427
7699
2551
77
8880
354
1422
9861
547
8158
284
1928
4945
9274
1376
860
6621
616
6022
3102
2498
2052
1689
1677
3732
7118
4024
9660
7846
7401
3932
9272
1151
5879
3774
4280
4829
4095
7128
2550
290
4746
9444
1975
2483
3195
3607
7542
2495
856
6069
5501
8465
2347
3369
2922
3068
4574
548
3520
4858
5694
7548
9630
6358
5187
8962
1635
4284
8366
518
75
7115
8089
1089
7411
6785
382
3551
2062
8166
9657
3002
2723
6829
879
3271
5193
1624
5393
2157
9713
2410
838
5561
7462
9690
7324
5876
5019
2923
1962
5728
184
4664
3846
911
5890
9006
9598
4844
7119
5525
8828
7903
9829
4308
1460
1026
5974
8693
6505
4744
7091
6205
6040
1488
6964
3697
360
9645
3635
1350
1017
6204
2005
5561
3435
3901
9276
6043
9011
3645
3833
8618
3740
7908
4396
8154
983
2447
7554
5441
9369
9591
5313
9517
7341
5201
2423
2867
6837
9528
60
9813
4448
7893
2379
7613
6110
2979
337
6519
3026
6614
6592
6859
6547
7367
1960
3394
4458
1305
3096
4856
89
1483
9871
5350
8009
7351
3279
791
5769
7533
2563
5646
9627
2954
5427
9886
2193
8437
469
293
2496
4784
2444
1714
875
2780
1375
5753
4207
3166
5305
3011
840
9613
47
8925
9201
8289
5290
8594
8432
3408
8404
4211
598
9810
7612
3752
2577
903
2198
4324
5184
7875
4457
2963
7200
9941
1281
2643
3244
7488
5586
2813
4268
8954
7305
3559
5517
2903
4423
8173
2569
1373
2440
8503
9838
2394
8437
1468
4829
3061
67
8377
6557
9382
6111
8528
3896
4151
2604
7089
9171
2458
7530
1443
5529
4997
5422
4062
6523
3072
5553
4612
9580
939
6839
7373
5904
4163
960
8927
569
8075
4986
1411
4242
4926
5898
7502
6194
776
2568
8147
2707
398
3817
9223
8366
8033
7395
3700
2939
7544
6175
2305
3752
8695
5668
8338
6000
4688
132
5707
6856
8016
4225
8078
6940
9429
5045
4903
272
7187
8678
2226
1308
588
9045
403
5293
4286
3324
7301
6444
5302
4770
4488
1224
6696
9941
9830
5962
3806
3351
7404
7767
3671
2462
2927
2641
1054
5016
8444
8535
5717
5809
5837
9378
7358
8251
2183
9007
7387
9062
7353
8526
9277
621
7287
2264
4514
2542
8622
8786
3771
9567
8671
7790
8316
2447
8963
5248
1430
3465
6453
6859
9173
7035
2576
9566
8866
180
7421
2378
